0	0	1	0	0
2	0	3	0	0
4	0	5	0	0
6	1	7	0	0
8	0	9	0	0
10	0	11	0	0
12	1	13	0	0
14	1	15	0	0
16	1	17	0	0
18	0	19	0	0
11	1	0	1	0
13	1	4	1	0
7	1	12	1	0
15	0	16	1	0
17	1	6	1	0
9	1	2	1	0
5	1	18	1	0
19	0	10	1	0
1	0	14	1	0
3	0	8	1	0
11	1	4	2	0
13	2	6	2	0
9	0	16	2	0
5	0	14	2	0
15	1	0	2	0
3	0	12	2	0
17	0	2	2	0
1	1	18	2	0
19	1	8	2	0
7	1	10	2	0
2	1	5	3	0
10	1	3	3	0
4	0	19	3	0
12	1	11	3	0
8	2	15	3	0
16	1	13	3	0
0	0	17	3	0
18	2	9	3	0
14	1	7	3	0
6	1	1	3	0
17	1	7	4	0
19	1	11	4	0
18	1	8	4	0
4	0	0	4	0
5	1	10	4	0
13	0	2	4	0
16	0	12	4	0
3	1	9	4	0
1	1	15	4	0
6	0	14	4	0
8	1	5	5	0
2	1	4	5	0
15	0	13	5	0
0	2	6	5	0
11	1	3	5	0
7	1	1	5	0
10	1	18	5	0
14	1	16	5	0
9	0	17	5	0
12	1	19	5	0
19	1	9	6	0
1	1	8	6	0
5	0	11	6	0
3	1	14	6	0
16	1	7	6	0
6	0	12	6	0
17	1	15	6	0
18	1	2	6	0
13	0	0	6	0
4	0	10	6	0
15	1	3	7	0
8	0	4	7	0
12	2	1	7	0
11	1	18	7	0
2	2	19	7	0
9	2	5	7	0
14	1	17	7	0
7	1	13	7	0
10	2	6	7	0
0	2	16	7	0
2	1	14	8	0
12	1	0	8	0
4	0	16	8	0
6	1	9	8	0
1	1	17	8	0
5	1	15	8	0
3	2	19	8	0
18	1	7	8	0
10	2	8	8	0
11	1	13	8	0
13	1	1	9	0
7	0	3	9	0
19	2	5	9	0
8	2	2	9	0
9	2	11	9	0
17	1	12	9	0
14	1	18	9	0
0	1	10	9	0
15	2	4	9	0
16	0	6	9	0
11	1	16	10	0
1	2	9	10	0
4	1	3	10	0
6	2	8	10	0
13	2	19	10	0
0	0	14	10	0
7	1	15	10	0
10	2	2	10	0
5	1	17	10	0
12	1	18	10	0
17	2	13	11	0
14	1	12	11	0
19	2	7	11	0
9	0	10	11	0
15	1	6	11	0
8	0	11	11	0
16	1	1	11	0
3	2	5	11	0
18	1	4	11	0
2	1	0	11	0
13	1	5	12	0
14	1	8	12	0
15	2	9	12	0
1	1	11	12	0
17	2	19	12	0
12	1	10	12	0
0	0	18	12	0
16	1	3	12	0
6	1	4	12	0
7	2	2	12	0
5	2	0	13	0
19	2	15	13	0
4	0	12	13	0
9	1	7	13	0
18	2	6	13	0
2	2	16	13	0
8	0	13	13	0
10	0	17	13	0
11	0	14	13	0
3	1	1	13	0
5	1	1	14	0
19	1	14	14	0
8	1	0	14	0
3	0	13	14	0
9	0	12	14	0
18	2	17	14	0
2	1	15	14	0
11	1	6	14	0
10	2	16	14	0
4	1	7	14	0
13	1	9	15	0
7	2	5	15	0
14	2	10	15	0
15	2	18	15	0
1	2	4	15	0
16	0	8	15	0
12	0	2	15	0
6	2	3	15	0
0	2	19	15	0
17	0	11	15	0
15	1	10	16	0
6	1	5	16	0
17	1	3	16	0
16	1	19	16	0
14	1	4	16	0
1	0	2	16	0
12	1	8	16	0
0	1	9	16	0
13	1	18	16	0
7	2	11	16	0
18	0	16	17	0
3	2	0	17	0
9	2	14	17	0
10	2	13	17	0
8	1	7	17	0
11	1	15	17	0
19	1	1	17	0
5	1	12	17	0
4	1	17	17	0
2	1	6	17	0
5	2	16	18	0
9	1	4	18	0
7	2	0	18	0
19	1	6	18	0
1	2	10	18	0
3	2	18	18	0
17	1	8	18	0
13	2	14	18	0
15	0	12	18	0
11	1	2	18	0
14	1	5	19	0
8	0	19	19	0
12	1	3	19	0
4	0	11	19	0
0	2	15	19	0
10	1	7	19	0
2	0	17	19	0
18	2	1	19	0
16	1	9	19	0
6	0	13	19	0
9	0	8	20	0
13	2	12	20	0
3	0	2	20	0
19	1	18	20	0
17	1	16	20	0
15	2	14	20	0
5	1	4	20	0
1	1	0	20	0
11	2	10	20	0
7	2	6	20	0
18	1	5	21	0
10	1	19	21	0
8	0	3	21	0
4	0	13	21	0
12	1	7	21	0
14	1	1	21	0
6	2	17	21	0
16	2	15	21	0
0	0	11	21	0
2	2	9	21	0
10	1	1	22	0
4	2	9	22	0
8	2	17	22	0
0	1	7	22	0
16	1	5	22	0
2	2	11	22	0
14	1	13	22	0
6	2	19	22	0
12	1	15	22	0
18	1	3	22	0
15	2	8	23	0
5	0	2	23	0
9	2	18	23	0
3	0	10	23	0
7	0	14	23	0
19	1	4	23	0
11	0	12	23	0
1	2	6	23	0
17	1	0	23	0
13	2	16	23	0
13	1	8	24	0
17	1	10	24	0
0	2	5	24	0
7	1	9	24	0
15	1	19	24	0
12	1	4	24	0
6	1	18	24	0
1	2	3	24	0
16	2	2	24	0
14	1	11	24	0
19	1	0	25	0
18	1	15	25	0
2	2	12	25	0
8	1	16	25	0
9	1	13	25	0
4	2	1	25	0
5	1	7	25	0
3	2	6	25	0
10	1	14	25	0
11	1	17	25	0
5	1	13	26	0
2	1	7	26	0
19	2	17	26	0
18	1	0	26	0
3	0	16	26	0
8	0	14	26	0
9	1	15	26	0
11	1	1	26	0
10	1	12	26	0
4	0	6	26	0
15	0	2	27	0
17	1	18	27	0
16	1	10	27	0
6	0	11	27	0
1	2	5	27	0
0	1	8	27	0
13	1	3	27	0
14	0	19	27	0
12	1	9	27	0
7	0	4	27	0
19	0	16	28	0
5	0	6	28	0
18	1	13	28	0
4	0	14	28	0
2	2	1	28	0
3	1	17	28	0
8	0	12	28	0
9	0	0	28	0
11	1	7	28	0
10	1	15	28	0
15	0	11	29	0
1	2	19	29	0
12	1	5	29	0
17	1	4	29	0
6	2	2	29	0
0	1	3	29	0
7	0	8	29	0
13	2	10	29	0
16	1	18	29	0
14	1	9	29	0
4	1	15	30	0
6	0	16	30	0
1	1	13	30	0
3	1	7	30	0
11	1	9	30	0
12	1	17	30	0
5	0	19	30	0
18	2	14	30	0
2	2	8	30	0
10	1	0	30	0
13	2	11	31	0
19	1	3	31	0
16	1	4	31	0
9	0	6	31	0
8	2	10	31	0
0	0	12	31	0
7	0	18	31	0
17	1	1	31	0
14	1	2	31	0
15	1	5	31	0
11	1	8	32	0
5	1	3	32	0
13	2	17	32	0
7	0	19	32	0
1	1	16	32	0
6	1	15	32	0
4	2	18	32	0
0	0	2	32	0
12	0	14	32	0
10	2	9	32	0
17	2	5	33	0
18	2	12	33	0
8	2	6	33	0
9	1	1	33	0
15	0	7	33	0
2	2	10	33	0
3	2	4	33	0
14	1	0	33	0
19	1	13	33	0
16	1	11	33	0
19	0	12	34	0
13	2	15	34	0
5	2	8	34	0
6	0	0	34	0
1	1	7	34	0
16	1	14	34	0
18	0	10	34	0
17	1	9	34	0
3	1	11	34	0
4	0	2	34	0
12	1	16	35	0
0	2	4	35	0
9	1	3	35	0
8	2	18	35	0
11	2	19	35	0
2	1	13	35	0
7	0	17	35	0
10	1	5	35	0
14	1	6	35	0
15	0	1	35	0
18	1	11	36	0
1	0	12	36	0
5	1	9	36	0
17	0	14	36	0
16	1	0	36	0
6	2	10	36	0
4	1	8	36	0
19	1	2	36	0
13	1	7	36	0
3	2	15	36	0
9	2	19	37	0
7	1	16	37	0
14	1	3	37	0
10	1	4	37	0
15	2	17	37	0
12	1	6	37	0
9	2	19	37	0
8	1	1	37	0
0	1	13	37	0
8	1	1	37	0
2	0	18	37	0
11	1	5	37	0
2	0	18	37	0
0	1	13	37	0
7	1	16	37	0
14	1	3	37	0
10	1	4	37	0
15	2	17	37	0
12	1	6	37	0
11	1	5	37	0
0	2	5	38	0
17	2	11	38	0
14	1	20	38	0
1	2	13	38	0
18	1	10	38	0
16	2	19	38	0
8	1	6	38	0
3	0	21	38	0
12	1	22	38	0
2	1	9	38	0
22	1	2	39	0
3	0	14	39	0
5	2	12	39	0
10	2	8	39	0
19	1	17	39	0
13	1	18	39	0
9	0	0	39	0
20	1	1	39	0
11	1	21	39	0
6	0	16	39	0
18	0	11	40	0
16	0	3	40	0
8	2	22	40	0
14	1	6	40	0
21	2	5	40	0
12	1	9	40	0
0	2	13	40	0
17	1	20	40	0
1	1	19	40	0
2	1	10	40	0
6	1	2	41	0
13	2	17	41	0
9	0	14	41	0
22	0	21	41	0
19	2	18	41	0
3	2	1	41	0
5	1	8	41	0
20	2	16	41	0
10	2	12	41	0
11	1	0	41	0
1	2	11	42	0
2	2	0	42	0
18	2	5	42	0
10	0	22	42	0
20	1	13	42	0
16	1	8	42	0
6	2	9	42	0
3	0	19	42	0
14	1	21	42	0
12	1	17	42	0
8	0	2	43	0
22	0	6	43	0
9	1	16	43	0
11	0	20	43	0
21	0	18	43	0
5	2	10	43	0
19	1	14	43	0
0	2	12	43	0
13	2	3	43	0
17	2	1	43	0
20	2	0	44	0
14	1	11	44	0
17	0	21	44	0
19	1	22	44	0
1	2	12	44	0
13	0	10	44	0
9	2	5	44	0
6	1	18	44	0
3	1	8	44	0
16	1	2	44	0
21	0	19	45	0
5	0	16	45	0
22	2	3	45	0
8	2	9	45	0
12	2	20	45	0
18	2	1	45	0
10	1	17	45	0
2	2	14	45	0
11	1	13	45	0
0	1	6	45	0
19	0	11	46	0
6	0	12	46	0
17	1	18	46	0
9	0	22	46	0
13	1	21	46	0
14	1	8	46	0
1	1	2	46	0
20	1	5	46	0
3	2	0	46	0
16	2	10	46	0
10	1	6	47	0
0	0	17	47	0
22	1	1	47	0
2	2	13	47	0
12	1	16	47	0
5	1	3	47	0
8	1	19	47	0
11	1	9	47	0
18	0	14	47	0
21	1	20	47	0
5	2	2	48	0
13	2	9	48	0
12	1	8	48	0
17	1	14	48	0
11	0	22	48	0
20	0	19	48	0
18	1	3	48	0
1	1	6	48	0
21	2	10	48	0
0	1	16	48	0
10	2	0	49	0
16	2	1	49	0
8	0	11	49	0
9	2	20	49	0
3	2	17	49	0
6	1	13	49	0
19	2	12	49	0
14	1	5	49	0
2	1	21	49	0
22	0	18	49	0
9	2	21	50	0
22	2	5	50	0
3	1	20	50	0
8	0	0	50	0
2	2	12	50	0
10	0	11	50	0
16	1	18	50	0
14	0	1	50	0
6	1	17	50	0
19	2	13	50	0
11	0	16	51	0
20	0	6	51	0
0	1	22	51	0
13	1	14	51	0
21	1	8	51	0
12	1	3	51	0
17	1	9	51	0
1	2	10	51	0
18	1	2	51	0
5	0	19	51	0
2	0	11	52	0
9	1	3	52	0
5	2	13	52	0
8	1	1	52	0
0	2	21	52	0
12	1	18	52	0
6	2	19	52	0
22	2	14	52	0
16	1	17	52	0
10	0	20	52	0
3	2	6	53	0
21	0	12	53	0
1	1	9	53	0
20	1	22	53	0
11	1	5	53	0
17	1	2	53	0
18	1	8	53	0
14	2	10	53	0
19	1	0	53	0
13	2	16	53	0
10	2	3	54	0
9	0	19	54	0
5	2	1	54	0
22	1	17	54	0
8	1	13	54	0
0	1	18	54	0
16	2	14	54	0
2	1	20	54	0
12	1	11	54	0
6	0	21	54	0
11	1	6	55	0
3	0	2	55	0
19	0	10	55	0
18	2	9	55	0
17	1	5	55	0
13	0	22	55	0
20	2	8	55	0
21	1	16	55	0
1	1	0	55	0
14	1	12	55	0
21	1	17	56	0
11	1	14	56	0
2	0	16	56	0
18	0	6	56	0
5	0	9	56	0
0	1	20	56	0
10	2	13	56	0
12	1	1	56	0
22	0	19	56	0
8	0	3	56	0
14	1	0	57	0
9	2	10	57	0
6	0	5	57	0
3	2	11	57	0
16	1	22	57	0
1	0	21	57	0
19	1	2	57	0
13	2	12	57	0
20	0	18	57	0
17	0	8	57	0
19	1	21	58	0
1	1	18	58	0
3	0	22	58	0
20	0	12	58	0
9	1	8	58	0
6	1	10	58	0
17	1	0	58	0
13	0	11	58	0
14	2	2	58	0
16	1	5	58	0
8	1	14	59	0
12	1	6	59	0
5	1	20	59	0
11	2	19	59	0
22	1	9	59	0
2	0	1	59	0
0	2	3	59	0
18	1	17	59	0
10	1	16	59	0
21	0	13	59	0
13	2	2	60	0
17	2	10	60	0
1	2	22	60	0
9	0	11	60	0
16	2	12	60	0
14	1	18	60	0
3	2	5	60	0
6	1	0	60	0
19	1	8	60	0
20	1	21	60	0
22	2	16	61	0
18	1	20	61	0
0	0	14	61	0
10	2	9	61	0
12	1	13	61	0
11	1	3	61	0
21	0	1	61	0
2	1	19	61	0
5	1	6	61	0
8	0	17	61	0
18	0	16	62	0
12	1	2	62	0
20	2	3	62	0
13	2	19	62	0
21	0	9	62	0
0	1	8	62	0
1	0	14	62	0
11	1	10	62	0
17	1	6	62	0
5	1	22	62	0
16	1	0	63	0
9	0	13	63	0
8	1	12	63	0
22	2	11	63	0
14	0	17	63	0
10	1	21	63	0
19	1	20	63	0
2	2	5	63	0
6	1	1	63	0
3	1	18	63	0
5	2	14	64	0
0	1	10	64	0
1	0	16	64	0
11	1	8	64	0
13	1	6	64	0
21	2	2	64	0
20	2	9	64	0
17	2	3	64	0
18	2	22	64	0
12	1	19	64	0
14	1	13	65	0
6	2	20	65	0
19	2	5	65	0
9	1	17	65	0
22	2	0	65	0
8	1	21	65	0
3	0	12	65	0
10	1	1	65	0
2	1	18	65	0
16	2	11	65	0
21	0	14	66	0
8	2	16	66	0
17	1	12	66	0
11	2	1	66	0
0	1	2	66	0
5	1	18	66	0
22	0	10	66	0
9	1	6	66	0
13	0	20	66	0
19	1	3	66	0
2	0	8	67	0
1	0	17	67	0
10	1	5	67	0
18	2	21	67	0
20	2	11	67	0
6	1	22	67	0
3	1	13	67	0
12	1	0	67	0
16	2	9	67	0
14	1	19	67	0
6	2	14	68	0
22	1	8	68	0
9	0	12	68	0
3	2	16	68	0
13	1	0	68	0
20	1	17	68	0
11	2	18	68	0
5	1	21	68	0
10	2	2	68	0
19	1	1	68	0
2	1	22	69	0
21	0	11	69	0
0	1	9	69	0
16	1	6	69	0
18	2	13	69	0
17	1	19	69	0
12	1	5	69	0
1	0	20	69	0
8	0	10	69	0
14	1	3	69	0
19	1	16	70	0
5	1	0	70	0
6	1	8	70	0
11	2	17	70	0
20	0	14	70	0
10	1	18	70	0
21	0	3	70	0
13	1	1	70	0
9	0	2	70	0
22	2	12	70	0
17	1	13	71	0
18	0	19	71	0
0	1	11	71	0
14	1	9	71	0
1	1	3	71	0
12	1	10	71	0
21	2	22	71	0
16	2	20	71	0
2	2	6	71	0
8	2	5	71	0
18	1	0	72	0
3	2	10	72	0
21	2	6	72	0
20	1	2	72	0
1	0	5	72	0
17	1	22	72	0
11	1	12	72	0
19	1	9	72	0
14	1	16	72	0
13	2	8	72	0
10	1	19	73	0
0	0	1	73	0
22	1	13	73	0
2	2	3	73	0
9	2	18	73	0
16	2	21	73	0
8	1	20	73	0
12	1	14	73	0
6	1	11	73	0
5	0	17	73	0
19	1	6	74	0
3	1	9	74	0
17	0	16	74	0
11	0	2	74	0
13	0	5	74	0
14	2	22	74	0
20	1	10	74	0
18	2	12	74	0
1	0	8	74	0
21	1	0	74	0
12	1	21	75	0
22	2	20	75	0
0	0	19	75	0
6	0	3	75	0
9	0	1	75	0
10	1	14	75	0
5	2	11	75	0
16	1	13	75	0
8	0	18	75	0
22	2	20	75	0
2	1	17	75	0
6	0	3	75	0
12	1	21	75	0
9	0	1	75	0
10	1	14	75	0
5	2	11	75	0
16	1	13	75	0
8	0	18	75	0
2	1	17	75	0
0	0	19	75	0
20	0	12	76	0
16	1	10	76	0
19	1	23	76	0
6	2	14	76	0
5	2	2	76	0
22	2	11	76	0
3	2	24	76	0
25	0	0	76	0
18	0	8	76	0
17	2	1	76	0
12	1	16	77	0
0	0	19	77	0
24	2	6	77	0
14	1	20	77	0
8	1	5	77	0
10	0	25	77	0
2	1	18	77	0
11	0	17	77	0
1	0	22	77	0
23	2	3	77	0
2	2	8	78	0
3	1	25	78	0
18	0	10	78	0
14	1	24	78	0
17	1	0	78	0
16	0	19	78	0
20	0	6	78	0
12	1	11	78	0
23	2	1	78	0
22	1	5	78	0
25	2	22	79	0
24	0	20	79	0
0	0	12	79	0
8	0	16	79	0
1	0	14	79	0
6	1	17	79	0
19	1	3	79	0
10	2	2	79	0
11	1	23	79	0
5	2	18	79	0
12	1	14	80	0
1	1	6	80	0
5	2	19	80	0
16	1	17	80	0
10	1	3	80	0
23	1	20	80	0
0	0	24	80	0
2	2	22	80	0
18	1	11	80	0
8	0	25	80	0
24	1	1	81	0
25	2	2	81	0
6	2	12	81	0
3	0	16	81	0
20	2	5	81	0
17	1	8	81	0
14	1	23	81	0
19	1	10	81	0
22	1	18	81	0
11	1	0	81	0
23	1	6	82	0
10	0	17	82	0
2	1	3	82	0
18	0	19	82	0
12	1	24	82	0
1	2	20	82	0
8	0	22	82	0
0	0	14	82	0
16	1	11	82	0
5	1	25	82	0
22	2	16	83	0
14	1	10	83	0
3	0	0	83	0
6	1	5	83	0
25	2	18	83	0
24	1	23	83	0
19	1	2	83	0
17	2	12	83	0
11	1	1	83	0
20	1	8	83	0
18	0	16	84	0
5	0	10	84	0
8	2	23	84	0
25	1	14	84	0
2	0	20	84	0
12	0	19	84	0
0	0	1	84	0
22	1	3	84	0
17	2	24	84	0
11	1	6	84	0
10	0	12	85	0
6	0	22	85	0
19	1	8	85	0
24	2	18	85	0
1	2	2	85	0
23	1	0	85	0
3	0	5	85	0
20	0	17	85	0
16	1	25	85	0
14	0	11	85	0
11	1	20	86	0
22	1	10	86	0
8	1	3	86	0
0	1	6	86	0
25	0	19	86	0
12	1	1	86	0
17	2	23	86	0
2	1	24	86	0
5	0	16	86	0
18	0	14	86	0
20	1	0	87	0
19	1	22	87	0
10	1	8	87	0
24	0	11	87	0
6	0	25	87	0
23	0	12	87	0
14	0	17	87	0
16	1	2	87	0
3	2	18	87	0
1	2	5	87	0
12	2	22	88	0
24	1	25	88	0
1	0	3	88	0
20	0	16	88	0
17	2	19	88	0
23	2	2	88	0
14	1	8	88	0
11	2	5	88	0
6	1	18	88	0
0	0	10	88	0
5	1	17	89	0
8	1	1	89	0
10	0	6	89	0
2	0	12	89	0
3	0	11	89	0
16	1	0	89	0
25	2	20	89	0
19	1	24	89	0
18	1	23	89	0
22	0	14	89	0
11	1	10	90	0
6	1	16	90	0
1	1	18	90	0
14	1	19	90	0
20	0	3	90	0
23	1	5	90	0
17	1	25	90	0
0	0	2	90	0
12	1	8	90	0
24	1	22	90	0
25	0	12	91	0
2	0	17	91	0
16	1	1	91	0
18	0	20	91	0
19	1	11	91	0
22	2	23	91	0
5	1	0	91	0
10	2	24	91	0
3	2	14	91	0
8	0	6	91	0
8	2	24	92	0
18	0	0	92	0
2	0	11	92	0
19	1	6	92	0
22	0	20	92	0
25	0	1	92	0
3	2	17	92	0
10	1	23	92	0
16	2	14	92	0
5	0	12	92	0
24	0	16	93	0
0	0	22	93	0
17	2	18	93	0
12	1	3	93	0
1	2	10	93	0
23	2	25	93	0
11	2	8	93	0
14	2	5	93	0
20	2	19	93	0
6	2	2	93	0
23	2	16	94	0
6	2	3	94	0
24	2	5	94	0
14	0	2	94	0
12	0	18	94	0
11	1	25	94	0
1	1	19	94	0
0	2	8	94	0
20	0	10	94	0
17	1	22	94	0
25	0	24	95	0
22	1	12	95	0
10	0	0	95	0
19	1	17	95	0
3	0	1	95	0
16	1	20	95	0
18	0	6	95	0
2	0	23	95	0
5	1	11	95	0
8	0	14	95	0
17	2	6	96	0
14	1	1	96	0
18	1	5	96	0
2	2	10	96	0
22	1	25	96	0
20	0	24	96	0
23	1	11	96	0
3	0	19	96	0
12	1	0	96	0
16	2	8	96	0
5	1	22	97	0
8	0	2	97	0
24	2	14	97	0
1	1	23	97	0
6	0	20	97	0
25	1	3	97	0
10	2	18	97	0
19	1	16	97	0
0	1	17	97	0
11	0	12	97	0
18	0	22	98	0
5	2	20	98	0
0	2	11	98	0
2	2	25	98	0
1	1	24	98	0
12	1	6	98	0
8	0	17	98	0
16	1	3	98	0
23	2	14	98	0
10	1	19	98	0
17	2	16	99	0
14	2	12	99	0
22	1	2	99	0
19	1	5	99	0
3	2	10	99	0
6	0	1	99	0
25	0	8	99	0
11	1	18	99	0
20	0	23	99	0
24	1	0	99	0
12	1	17	100	0
18	1	25	100	0
0	0	3	100	0
10	1	14	100	0
5	1	6	100	0
1	0	11	100	0
23	0	24	100	0
2	0	19	100	0
8	0	20	100	0
16	1	22	100	0
17	1	10	101	0
3	2	2	101	0
14	1	0	101	0
22	2	8	101	0
20	1	1	101	0
24	0	12	101	0
11	1	16	101	0
19	1	18	101	0
25	0	5	101	0
6	1	23	101	0
16	0	12	102	0
22	2	1	102	0
3	0	23	102	0
20	1	14	102	0
6	1	24	102	0
19	1	0	102	0
18	2	2	102	0
17	0	11	102	0
5	1	8	102	0
25	2	10	102	0
0	1	25	103	0
2	1	5	103	0
14	1	6	103	0
1	1	17	103	0
8	0	18	103	0
10	1	16	103	0
12	1	20	103	0
23	1	19	103	0
24	2	3	103	0
11	1	22	103	0
25	1	17	104	0
10	0	11	104	0
16	2	6	104	0
19	1	14	104	0
2	0	0	104	0
22	1	24	104	0
8	0	12	104	0
3	2	20	104	0
5	0	23	104	0
18	1	1	104	0
23	0	10	105	0
1	1	25	105	0
24	1	8	105	0
17	0	3	105	0
0	1	18	105	0
11	1	2	105	0
14	2	16	105	0
12	1	5	105	0
20	0	22	105	0
6	2	19	105	0
10	1	20	106	0
25	1	11	106	0
3	1	6	106	0
8	0	0	106	0
22	1	17	106	0
16	1	23	106	0
18	0	12	106	0
2	0	14	106	0
19	2	1	106	0
5	1	24	106	0
11	1	19	107	0
12	1	25	107	0
24	2	10	107	0
17	2	2	107	0
14	1	3	107	0
0	0	5	107	0
1	2	16	107	0
20	1	18	107	0
6	1	8	107	0
23	0	22	107	0
2	2	6	108	0
5	2	14	108	0
18	0	17	108	0
10	1	1	108	0
25	1	23	108	0
8	0	11	108	0
3	1	12	108	0
16	0	24	108	0
22	1	0	108	0
19	1	20	108	0
23	1	18	109	0
0	0	16	109	0
14	0	22	109	0
1	2	8	109	0
17	0	5	109	0
11	0	3	109	0
6	2	10	109	0
12	1	2	109	0
20	1	25	109	0
24	0	19	109	0
0	2	23	110	0
18	1	24	110	0
2	2	1	110	0
22	1	6	110	0
25	1	16	110	0
12	2	10	110	0
5	1	3	110	0
11	2	14	110	0
17	0	20	110	0
8	0	19	110	0
16	1	18	111	0
3	1	22	111	0
20	2	2	111	0
19	1	12	111	0
14	1	25	111	0
24	0	17	111	0
1	2	0	111	0
6	2	11	111	0
10	1	5	111	0
23	2	8	111	0
0	2	20	112	0
5	1	1	112	0
11	2	24	112	0
25	1	6	112	0
8	2	10	112	0
12	1	23	112	0
18	0	3	112	0
17	1	14	112	0
2	2	16	112	0
22	0	19	112	0
14	1	18	113	0
3	1	8	113	0
20	0	11	113	0
16	1	5	113	0
23	1	17	113	0
1	0	12	113	0
6	2	0	113	0
24	1	2	113	0
19	1	25	113	0
3	1	8	113	0
20	0	11	113	0
16	1	5	113	0
23	1	17	113	0
1	0	12	113	0
6	2	0	113	0
24	1	2	113	0
10	1	22	113	0
10	1	22	113	0
14	1	18	113	0
19	1	25	113	0
25	0	23	114	0
19	1	26	114	0
3	0	14	114	0
22	1	16	114	0
9	1	2	114	0
20	1	17	114	0
27	2	6	114	0
5	1	24	114	0
11	2	1	114	0
10	1	12	114	0
1	1	27	115	0
12	1	5	115	0
24	2	25	115	0
26	0	3	115	0
17	2	19	115	0
14	1	22	115	0
6	2	11	115	0
2	0	10	115	0
16	2	20	115	0
23	1	9	115	0
17	0	11	116	0
22	2	2	116	0
14	1	27	116	0
9	1	5	116	0
23	2	1	116	0
26	0	12	116	0
20	1	10	116	0
3	2	6	116	0
19	1	25	116	0
16	2	24	116	0
24	2	9	117	0
11	1	26	117	0
2	1	23	117	0
12	1	3	117	0
5	1	20	117	0
1	2	17	117	0
27	0	16	117	0
10	2	22	117	0
25	2	14	117	0
6	2	19	117	0
3	0	5	118	0
16	1	25	118	0
19	2	11	118	0
22	1	24	118	0
17	0	12	118	0
9	2	1	118	0
26	1	2	118	0
14	1	6	118	0
23	0	10	118	0
20	1	27	118	0
1	1	3	119	0
6	1	23	119	0
27	2	22	119	0
24	0	17	119	0
5	0	19	119	0
10	1	26	119	0
12	0	16	119	0
11	0	14	119	0
25	0	9	119	0
2	2	20	119	0
17	2	6	120	0
22	0	12	120	0
9	0	11	120	0
3	2	10	120	0
20	1	25	120	0
23	2	27	120	0
14	1	24	120	0
19	1	1	120	0
26	2	5	120	0
16	1	2	120	0
16	0	14	121	0
1	2	22	121	0
24	1	11	121	0
9	1	26	121	0
20	0	19	121	0
25	2	10	121	0
12	1	6	121	0
17	1	27	121	0
5	1	2	121	0
23	1	3	121	0
11	1	25	122	0
14	0	12	122	0
26	0	16	122	0
22	1	20	122	0
10	2	17	122	0
19	1	23	122	0
3	1	9	122	0
6	2	1	122	0
2	2	24	122	0
27	2	5	122	0
12	1	11	123	0
5	2	10	123	0
24	1	6	123	0
1	0	2	123	0
23	2	14	123	0
16	0	3	123	0
9	2	19	123	0
20	1	26	123	0
17	2	22	123	0
25	2	27	123	0
27	2	24	124	0
14	2	17	124	0
6	1	25	124	0
3	0	20	124	0
10	1	1	124	0
2	0	12	124	0
26	2	23	124	0
11	2	5	124	0
22	0	9	124	0
19	1	16	124	0
5	0	1	125	0
11	1	16	125	0
17	1	3	125	0
19	1	2	125	0
22	0	23	125	0
25	0	26	125	0
27	1	10	125	0
20	1	14	125	0
24	1	12	125	0
9	2	6	125	0
10	2	24	126	0
12	1	25	126	0
6	1	5	126	0
1	0	20	126	0
23	2	17	126	0
26	1	22	126	0
14	2	19	126	0
2	2	11	126	0
16	1	9	126	0
3	1	27	126	0
1	2	25	127	0
12	1	9	127	0
10	2	11	127	0
14	2	5	127	0
16	1	17	127	0
3	0	19	127	0
6	1	22	127	0
26	2	24	127	0
2	1	27	127	0
23	1	20	127	0
11	0	23	128	0
22	1	3	128	0
24	1	1	128	0
27	0	12	128	0
20	0	6	128	0
25	2	2	128	0
19	2	10	128	0
17	1	26	128	0
9	1	14	128	0
5	0	16	128	0
26	1	27	129	0
5	1	22	129	0
9	0	17	129	0
10	1	16	129	0
19	0	12	129	0
3	2	25	129	0
23	0	24	129	0
1	0	14	129	0
2	2	6	129	0
11	1	20	129	0
22	0	19	130	0
17	0	2	130	0
27	0	11	130	0
20	2	9	130	0
16	1	23	130	0
6	2	10	130	0
25	1	5	130	0
24	1	3	130	0
12	1	1	130	0
14	2	26	130	0
9	0	10	131	0
14	1	2	131	0
23	2	12	131	0
17	1	5	131	0
20	1	24	131	0
16	2	6	131	0
26	0	1	131	0
22	1	25	131	0
19	1	27	131	0
3	0	11	131	0
11	1	9	132	0
6	1	17	132	0
1	1	19	132	0
27	2	23	132	0
25	0	20	132	0
24	0	14	132	0
12	1	22	132	0
5	2	26	132	0
10	1	3	132	0
2	0	16	132	0
24	0	19	133	0
25	0	17	133	0
10	0	14	133	0
11	1	22	133	0
6	2	26	133	0
27	1	9	133	0
12	1	20	133	0
5	0	23	133	0
2	0	3	133	0
1	0	16	133	0
19	1	6	134	0
23	2	2	134	0
17	1	1	134	0
20	0	5	134	0
14	0	25	134	0
26	2	11	134	0
3	0	12	134	0
9	1	24	134	0
16	1	27	134	0
22	0	10	134	0
10	2	23	135	0
5	2	3	135	0
24	2	22	135	0
27	1	20	135	0
11	0	19	135	0
1	1	9	135	0
12	1	17	135	0
2	0	26	135	0
6	0	14	135	0
25	2	16	135	0
16	2	12	136	0
26	2	10	136	0
14	1	11	136	0
20	2	2	136	0
3	0	1	136	0
9	2	25	136	0
23	1	6	136	0
22	0	27	136	0
19	1	5	136	0
17	1	24	136	0
6	2	3	137	0
1	2	23	137	0
11	2	17	137	0
10	1	20	137	0
24	2	16	137	0
27	2	14	137	0
5	1	9	137	0
25	2	19	137	0
12	1	26	137	0
2	0	22	137	0
19	2	17	138	0
20	0	16	138	0
25	2	24	138	0
10	2	2	138	0
22	1	14	138	0
27	1	1	138	0
11	1	6	138	0
9	1	23	138	0
3	2	26	138	0
5	0	12	138	0
14	1	3	139	0
26	1	19	139	0
23	1	25	139	0
1	0	11	139	0
6	1	27	139	0
24	2	5	139	0
2	1	9	139	0
16	1	22	139	0
17	0	20	139	0
12	1	10	139	0
9	0	16	140	0
19	1	14	140	0
20	1	1	140	0
27	0	3	140	0
25	0	12	140	0
24	1	10	140	0
11	1	2	140	0
5	1	6	140	0
22	1	26	140	0
17	1	23	140	0
23	1	22	141	0
3	0	17	141	0
16	1	11	141	0
2	0	19	141	0
14	1	20	141	0
10	1	27	141	0
12	1	24	141	0
26	0	25	141	0
1	2	5	141	0
6	0	9	141	0
9	2	12	142	0
24	2	26	142	0
19	1	3	142	0
11	2	10	142	0
17	1	16	142	0
22	1	6	142	0
20	1	23	142	0
27	0	2	142	0
25	1	1	142	0
5	0	14	142	0
3	1	22	143	0
14	1	9	143	0
16	0	5	143	0
26	1	17	143	0
12	1	27	143	0
23	0	11	143	0
1	2	24	143	0
6	2	20	143	0
10	1	19	143	0
2	1	25	143	0
10	1	6	144	0
5	1	25	144	0
2	0	17	144	0
3	1	24	144	0
9	1	20	144	0
23	0	16	144	0
26	1	14	144	0
19	1	22	144	0
1	0	12	144	0
11	1	27	144	0
24	2	23	145	0
25	2	3	145	0
12	0	19	145	0
6	0	2	145	0
20	0	11	145	0
16	2	10	145	0
17	2	9	145	0
14	1	1	145	0
22	1	5	145	0
27	0	26	145	0
22	0	1	146	0
26	2	9	146	0
27	2	17	146	0
11	1	24	146	0
2	2	5	146	0
14	2	16	146	0
3	0	23	146	0
19	1	20	146	0
6	0	12	146	0
10	1	25	146	0
25	0	6	147	0
16	1	19	147	0
9	1	3	147	0
20	2	22	147	0
23	2	26	147	0
1	1	10	147	0
24	1	27	147	0
17	2	14	147	0
12	1	2	147	0
5	0	11	147	0
27	2	25	148	0
19	1	9	148	0
14	1	23	148	0
11	2	12	148	0
22	0	17	148	0
3	2	16	148	0
6	1	24	148	0
26	0	20	148	0
10	1	5	148	0
2	1	1	148	0
25	0	11	149	0
17	2	10	149	0
12	0	14	149	0
20	0	3	149	0
1	2	6	149	0
23	2	19	149	0
16	1	26	149	0
9	2	22	149	0
24	0	2	149	0
5	0	27	149	0
12	1	23	150	0
11	1	3	150	0
1	2	26	150	0
25	0	22	150	0
24	1	20	150	0
5	0	17	150	0
10	1	9	150	0
6	0	16	150	0
27	0	19	150	0
2	0	14	150	0
3	2	2	151	0
9	1	27	151	0
20	2	12	151	0
16	1	1	151	0
23	0	5	151	0
26	2	6	151	0
22	0	11	151	0
19	0	24	151	0
17	1	25	151	0
3	2	2	151	0
14	1	10	151	0
14	1	10	151	0
17	1	25	151	0
19	0	24	151	0
22	0	11	151	0
26	2	6	151	0
23	0	5	151	0
16	1	1	151	0
20	2	12	151	0
9	1	27	151	0
14	1	15	152	0
19	1	22	152	0
23	0	12	152	0
9	1	28	152	0
20	0	26	152	0
1	0	5	152	0
11	0	2	152	0
24	2	10	152	0
29	0	16	152	0
17	1	6	152	0
6	1	29	153	0
28	1	19	153	0
16	1	23	153	0
12	2	14	153	0
2	0	17	153	0
22	2	9	153	0
26	2	1	153	0
10	2	20	153	0
15	1	24	153	0
5	0	11	153	0
11	1	16	154	0
20	0	23	154	0
17	1	12	154	0
9	0	6	154	0
24	1	26	154	0
22	1	5	154	0
28	2	10	154	0
19	1	15	154	0
14	1	2	154	0
29	1	1	154	0
23	2	17	155	0
10	1	14	155	0
16	1	24	155	0
1	0	11	155	0
12	1	29	155	0
6	2	19	155	0
15	2	28	155	0
5	2	20	155	0
26	2	9	155	0
2	0	22	155	0
24	0	2	156	0
29	0	23	156	0
20	1	1	156	0
9	0	10	156	0
19	1	12	156	0
11	1	6	156	0
14	1	5	156	0
28	0	16	156	0
22	0	15	156	0
17	0	26	156	0
1	0	17	157	0
12	0	20	157	0
26	1	29	157	0
2	1	19	157	0
16	2	14	157	0
23	0	11	157	0
6	0	24	157	0
10	1	22	157	0
15	1	9	157	0
5	0	28	157	0
28	0	22	158	0
19	1	10	158	0
16	0	9	158	0
26	1	23	158	0
24	0	14	158	0
20	2	11	158	0
17	1	29	158	0
15	2	2	158	0
5	1	6	158	0
1	0	12	158	0
29	0	5	159	0
11	1	24	159	0
2	0	16	159	0
23	1	1	159	0
6	2	20	159	0
12	2	26	159	0
10	1	15	159	0
14	1	28	159	0
22	2	17	159	0
9	0	19	159	0
29	0	11	160	0
2	0	10	160	0
17	1	20	160	0
12	1	6	160	0
24	2	28	160	0
26	1	5	160	0
1	1	22	160	0
14	1	19	160	0
23	2	9	160	0
16	1	15	160	0
28	1	23	161	0
10	2	16	161	0
9	2	2	161	0
20	1	29	161	0
11	1	17	161	0
19	1	24	161	0
15	1	1	161	0
5	0	12	161	0
22	1	14	161	0
6	2	26	161	0
14	2	20	162	0
29	2	10	162	0
17	1	5	162	0
26	1	15	162	0
24	1	9	162	0
2	1	28	162	0
16	0	22	162	0
1	1	19	162	0
12	1	11	162	0
23	2	6	162	0
22	1	24	163	0
19	1	16	163	0
6	1	1	163	0
28	2	12	163	0
20	2	2	163	0
9	0	14	163	0
5	0	23	163	0
11	1	26	163	0
10	2	17	163	0
15	0	29	163	0
14	1	26	164	0
15	1	17	164	0
16	2	12	164	0
22	1	20	164	0
9	1	5	164	0
24	1	29	164	0
10	1	6	164	0
28	0	11	164	0
2	2	1	164	0
19	1	23	164	0
29	1	9	165	0
5	0	16	165	0
20	0	19	165	0
23	1	22	165	0
1	0	14	165	0
6	2	28	165	0
26	0	2	165	0
12	0	10	165	0
17	1	24	165	0
11	1	15	165	0
12	0	22	166	0
23	2	15	166	0
11	2	10	166	0
1	0	16	166	0
29	1	28	166	0
17	1	9	166	0
5	1	2	166	0
6	1	14	166	0
20	0	24	166	0
26	2	19	166	0
16	0	17	167	0
24	2	23	167	0
2	0	12	167	0
15	2	6	167	0
9	2	1	167	0
22	2	26	167	0
14	1	29	167	0
28	1	20	167	0
19	1	11	167	0
10	1	5	167	0
1	2	24	168	0
6	1	2	168	0
23	0	10	168	0
11	2	14	168	0
12	1	9	168	0
5	0	19	168	0
29	0	22	168	0
26	0	16	168	0
17	1	28	168	0
20	2	15	168	0
28	0	26	169	0
14	1	23	169	0
15	0	12	169	0
10	0	1	169	0
22	1	6	169	0
24	0	5	169	0
2	0	29	169	0
19	1	17	169	0
16	2	20	169	0
9	0	11	169	0
2	2	23	170	0
19	1	29	170	0
24	0	12	170	0
28	2	1	170	0
10	1	26	170	0
22	0	11	170	0
14	1	17	170	0
16	1	6	170	0
9	2	20	170	0
15	1	5	170	0
12	0	16	171	0
20	1	22	171	0
1	0	2	171	0
6	2	10	171	0
26	0	14	171	0
5	1	9	171	0
29	2	24	171	0
11	1	28	171	0
17	1	15	171	0
23	0	19	171	0
2	0	11	172	0
26	1	20	172	0
5	0	1	172	0
10	1	24	172	0
28	0	9	172	0
15	0	14	172	0
22	0	19	172	0
12	1	23	172	0
6	0	17	172	0
16	1	29	172	0
17	2	2	173	0
9	0	22	173	0
24	1	15	173	0
11	1	5	173	0
19	1	28	173	0
1	2	26	173	0
29	1	6	173	0
14	1	12	173	0
23	0	16	173	0
20	2	10	173	0
16	0	19	174	0
14	2	9	174	0
2	1	20	174	0
17	1	10	174	0
29	1	15	174	0
23	1	5	174	0
26	2	11	174	0
24	2	22	174	0
12	1	28	174	0
1	1	6	174	0
6	1	12	175	0
19	0	14	175	0
11	1	29	175	0
20	2	17	175	0
15	2	16	175	0
22	0	1	175	0
9	1	23	175	0
10	1	2	175	0
5	0	26	175	0
28	1	24	175	0
23	1	28	176	0
29	1	20	176	0
14	1	22	176	0
2	0	9	176	0
17	1	11	176	0
24	2	19	176	0
16	1	10	176	0
12	2	5	176	0
26	2	6	176	0
1	0	15	176	0
28	2	2	177	0
9	1	24	177	0
15	0	26	177	0
20	2	14	177	0
22	0	16	177	0
5	0	17	177	0
6	2	23	177	0
11	2	12	177	0
10	0	29	177	0
19	2	1	177	0
24	1	16	178	0
14	1	10	178	0
17	1	23	178	0
29	0	12	178	0
9	1	26	178	0
22	1	2	178	0
19	1	6	178	0
28	0	15	178	0
11	1	1	178	0
20	2	5	178	0
5	0	14	179	0
10	1	9	179	0
26	0	17	179	0
16	1	28	179	0
23	2	29	179	0
6	1	11	179	0
2	1	24	179	0
12	0	19	179	0
1	1	20	179	0
15	0	22	179	0
17	1	1	180	0
19	1	2	180	0
20	0	12	180	0
28	1	5	180	0
29	0	26	180	0
24	2	6	180	0
14	1	16	180	0
11	2	23	180	0
22	0	10	180	0
9	1	15	180	0
15	0	19	181	0
5	1	22	181	0
26	1	24	181	0
23	0	20	181	0
16	0	11	181	0
2	1	14	181	0
12	0	17	181	0
1	2	29	181	0
6	1	9	181	0
10	1	28	181	0
2	0	6	182	0
16	1	26	182	0
9	0	12	182	0
24	1	1	182	0
22	1	29	182	0
19	1	5	182	0
15	1	20	182	0
10	1	23	182	0
28	0	17	182	0
14	1	11	182	0
20	2	28	183	0
29	1	14	183	0
6	1	15	183	0
26	1	22	183	0
17	1	16	183	0
11	2	19	183	0
5	0	10	183	0
12	1	2	183	0
23	1	24	183	0
1	0	9	183	0
16	1	1	184	0
22	0	12	184	0
10	1	11	184	0
14	1	6	184	0
24	0	20	184	0
9	0	17	184	0
28	0	29	184	0
2	0	5	184	0
19	1	26	184	0
15	1	23	184	0
29	1	2	185	0
11	1	9	185	0
26	0	28	185	0
1	0	10	185	0
6	1	22	185	0
5	1	24	185	0
20	2	16	185	0
17	1	19	185	0
23	0	14	185	0
12	1	15	185	0
2	2	26	186	0
10	1	12	186	0
19	1	20	186	0
28	2	6	186	0
22	0	23	186	0
9	0	29	186	0
16	1	5	186	0
24	0	17	186	0
14	0	1	186	0
15	0	11	186	0
1	1	28	187	0
11	1	22	187	0
29	0	19	187	0
17	0	14	187	0
12	1	24	187	0
20	1	9	187	0
5	2	15	187	0
23	1	2	187	0
26	1	10	187	0
6	0	16	187	0
14	2	24	188	0
11	1	20	188	0
10	0	19	188	0
23	0	26	188	0
22	1	28	188	0
12	0	1	188	0
2	1	15	188	0
29	2	17	188	0
9	1	16	188	0
6	1	5	188	0
5	2	29	189	0
20	0	6	189	0
16	1	2	189	0
1	0	23	189	0
26	2	12	189	0
24	0	11	189	0
28	0	14	189	0
19	1	9	189	0
17	1	22	189	0
15	0	10	189	0
28	0	14	189	0
16	1	2	189	0
1	0	23	189	0
26	2	12	189	0
5	2	29	189	0
24	0	11	189	0
19	1	9	189	0
17	1	22	189	0
15	0	10	189	0
20	0	6	189	0
11	1	29	190	0
7	0	14	190	0
17	1	26	190	0
9	0	16	190	0
22	0	19	190	0
6	0	2	190	0
25	0	15	190	0
30	2	10	190	0
12	0	23	190	0
20	2	1	190	0
19	1	17	191	0
1	2	12	191	0
16	1	25	191	0
15	2	6	191	0
10	2	11	191	0
23	1	7	191	0
26	2	20	191	0
29	0	9	191	0
14	1	30	191	0
2	2	22	191	0
2	1	15	192	0
23	1	20	192	0
25	1	1	192	0
22	2	29	192	0
19	0	6	192	0
7	2	12	192	0
9	0	26	192	0
10	0	14	192	0
30	2	11	192	0
16	0	17	192	0
20	0	10	193	0
26	1	22	193	0
29	2	7	193	0
14	1	23	193	0
11	2	19	193	0
6	0	30	193	0
1	2	16	193	0
15	2	9	193	0
12	1	25	193	0
17	0	2	193	0
19	2	14	194	0
16	0	20	194	0
30	1	12	194	0
9	1	17	194	0
10	0	29	194	0
22	2	15	194	0
7	2	1	194	0
2	0	11	194	0
25	2	6	194	0
23	0	26	194	0
17	2	10	195	0
15	0	19	195	0
12	1	9	195	0
26	1	25	195	0
1	2	23	195	0
11	2	16	195	0
20	1	7	195	0
29	1	30	195	0
14	1	2	195	0
6	1	22	195	0
15	1	29	196	0
14	1	11	196	0
16	1	26	196	0
12	1	10	196	0
2	0	19	196	0
9	1	25	196	0
1	1	6	196	0
17	1	20	196	0
30	2	7	196	0
23	2	22	196	0
11	2	15	197	0
20	2	12	197	0
6	1	23	197	0
25	0	17	197	0
22	1	30	197	0
26	1	1	197	0
10	1	2	197	0
29	0	14	197	0
7	0	9	197	0
19	1	16	197	0
1	0	11	198	0
17	2	15	198	0
26	1	6	198	0
20	2	29	198	0
23	1	30	198	0
7	0	10	198	0
16	0	22	198	0
12	2	14	198	0
25	1	2	198	0
9	1	19	198	0
6	2	9	199	0
2	0	16	199	0
19	1	12	199	0
30	0	20	199	0
29	0	1	199	0
10	2	23	199	0
14	1	25	199	0
11	1	7	199	0
22	1	17	199	0
15	0	26	199	0
20	0	22	200	0
16	0	6	200	0
1	2	10	200	0
25	2	19	200	0
23	1	11	200	0
26	1	30	200	0
12	1	29	200	0
7	1	15	200	0
17	0	14	200	0
9	2	2	200	0
19	1	23	201	0
30	2	1	201	0
10	1	9	201	0
14	1	20	201	0
11	0	12	201	0
29	1	17	201	0
15	0	16	201	0
2	2	26	201	0
22	1	25	201	0
6	0	7	201	0
7	2	2	202	0
17	1	6	202	0
12	1	15	202	0
25	1	30	202	0
23	2	29	202	0
9	1	22	202	0
26	0	19	202	0
16	1	10	202	0
1	2	14	202	0
20	0	11	202	0
1	0	19	203	0
10	2	15	203	0
14	1	16	203	0
20	0	9	203	0
23	1	25	203	0
12	1	6	203	0
30	0	17	203	0
7	2	22	203	0
11	1	26	203	0
29	0	2	203	0
26	0	12	204	0
16	2	29	204	0
6	1	11	204	0
25	1	7	204	0
17	2	1	204	0
15	2	20	204	0
22	1	14	204	0
2	1	30	204	0
9	1	23	204	0
19	1	10	204	0
7	1	26	205	0
14	1	15	205	0
29	2	6	205	0
10	1	25	205	0
1	2	9	205	0
20	1	2	205	0
11	1	22	205	0
12	1	17	205	0
30	0	19	205	0
23	0	16	205	0
6	0	14	206	0
22	0	1	206	0
9	1	30	206	0
16	1	7	206	0
17	2	11	206	0
25	1	20	206	0
15	0	23	206	0
2	2	12	206	0
19	1	29	206	0
26	1	10	206	0
14	1	9	207	0
29	0	26	207	0
10	0	6	207	0
12	1	22	207	0
1	0	15	207	0
23	1	2	207	0
20	0	19	207	0
11	1	25	207	0
7	0	17	207	0
30	0	16	207	0
15	0	30	208	0
17	1	23	208	0
22	1	10	208	0
9	0	11	208	0
6	1	20	208	0
16	2	12	208	0
26	2	14	208	0
2	2	1	208	0
25	2	29	208	0
19	2	7	208	0
19	1	1	209	0
17	2	30	209	0
15	1	10	209	0
2	2	29	209	0
6	2	12	209	0
9	2	20	209	0
26	1	11	209	0
16	1	14	209	0
22	2	7	209	0
25	2	23	209	0
20	1	15	210	0
23	2	9	210	0
30	1	2	210	0
10	2	19	210	0
14	1	22	210	0
7	1	25	210	0
1	0	17	210	0
11	1	6	210	0
29	1	16	210	0
12	0	26	210	0
19	0	11	211	0
2	0	17	211	0
7	0	29	211	0
30	0	6	211	0
25	0	12	211	0
23	0	14	211	0
16	1	1	211	0
22	0	26	211	0
9	1	15	211	0
10	2	20	211	0
14	2	19	212	0
20	0	16	212	0
1	1	7	212	0
15	0	22	212	0
12	1	30	212	0
17	1	9	212	0
29	0	10	212	0
6	1	25	212	0
11	1	2	212	0
26	0	23	212	0
16	1	11	213	0
30	0	29	213	0
19	2	15	213	0
25	0	26	213	0
23	2	1	213	0
10	2	17	213	0
7	2	20	213	0
22	2	6	213	0
9	2	12	213	0
2	0	14	213	0
11	1	30	214	0
6	0	19	214	0
14	1	10	214	0
26	2	9	214	0
12	1	7	214	0
17	1	16	214	0
1	0	25	214	0
15	1	2	214	0
29	2	22	214	0
20	1	23	214	0
29	0	11	215	0
14	2	7	215	0
15	1	25	215	0
1	2	20	215	0
23	1	12	215	0
19	1	22	215	0
16	2	9	215	0
10	2	30	215	0
26	0	17	215	0
2	0	6	215	0
17	1	19	216	0
30	0	14	216	0
25	0	16	216	0
11	1	10	216	0
20	1	26	216	0
6	1	15	216	0
22	1	2	216	0
12	1	1	216	0
7	0	23	216	0
9	0	29	216	0
17	1	7	217	0
16	1	23	217	0
6	1	10	217	0
22	0	12	217	0
19	1	30	217	0
25	0	11	217	0
26	1	29	217	0
15	2	1	217	0
2	1	20	217	0
9	0	14	217	0
30	2	15	218	0
14	2	26	218	0
7	1	19	218	0
20	1	6	218	0
1	0	2	218	0
11	1	9	218	0
12	1	16	218	0
29	1	25	218	0
10	1	22	218	0
23	0	17	218	0
9	1	1	219	0
17	0	12	219	0
15	0	14	219	0
25	0	10	219	0
6	0	29	219	0
26	1	7	219	0
19	1	20	219	0
16	1	30	219	0
2	0	23	219	0
22	0	11	219	0
14	1	6	220	0
29	1	19	220	0
1	1	22	220	0
7	2	16	220	0
20	0	25	220	0
23	1	15	220	0
12	1	2	220	0
30	1	9	220	0
11	1	17	220	0
10	1	26	220	0
26	1	15	221	0
1	0	29	221	0
16	0	2	221	0
20	0	30	221	0
9	2	6	221	0
7	0	11	221	0
25	0	14	221	0
12	1	19	221	0
23	2	10	221	0
17	1	22	221	0
19	1	9	222	0
11	2	1	222	0
15	1	17	222	0
22	0	16	222	0
14	1	12	222	0
30	1	23	222	0
10	1	7	222	0
29	0	20	222	0
2	2	25	222	0
6	1	26	222	0
20	2	17	223	0
11	2	14	223	0
10	1	12	223	0
6	2	1	223	0
19	1	2	223	0
22	0	23	223	0
29	0	15	223	0
7	0	30	223	0
26	2	16	223	0
25	2	9	223	0
2	1	10	224	0
17	1	25	224	0
1	1	26	224	0
23	1	6	224	0
9	1	7	224	0
12	0	20	224	0
14	1	29	224	0
16	0	19	224	0
15	0	11	224	0
30	1	22	224	0
10	0	1	225	0
15	0	7	225	0
11	0	23	225	0
14	2	17	225	0
19	1	25	225	0
29	0	12	225	0
6	1	16	225	0
22	2	20	225	0
30	1	26	225	0
2	1	9	225	0
1	2	30	226	0
23	0	19	226	0
17	0	29	226	0
9	0	10	226	0
7	2	6	226	0
25	1	22	226	0
12	2	11	226	0
26	1	2	226	0
16	1	15	226	0
20	1	14	226	0
22	1	9	227	0
19	1	26	227	0
6	1	17	227	0
30	1	25	227	0
6	1	17	227	0
15	2	12	227	0
14	1	1	227	0
29	1	23	227	0
10	0	16	227	0
19	1	26	227	0
30	1	25	227	0
10	0	16	227	0
29	1	23	227	0
14	1	1	227	0
15	2	12	227	0
11	1	20	227	0
11	1	20	227	0
2	0	7	227	0
2	0	7	227	0
22	1	9	227	0
6	0	17	228	0
12	1	16	228	0
11	0	9	228	0
20	0	19	228	0
14	2	23	228	0
24	0	29	228	0
30	1	1	228	0
10	2	31	228	0
32	0	2	228	0
22	2	26	228	0
31	2	20	229	0
23	1	22	229	0
1	0	24	229	0
26	0	10	229	0
9	0	30	229	0
17	1	32	229	0
19	1	14	229	0
29	0	11	229	0
16	2	6	229	0
2	0	12	229	0
11	2	17	230	0
10	0	19	230	0
20	0	14	230	0
9	0	32	230	0
31	2	26	230	0
24	2	6	230	0
29	1	2	230	0
12	2	22	230	0
1	2	23	230	0
30	2	16	230	0
32	2	30	231	0
2	2	1	231	0
14	0	29	231	0
17	0	9	231	0
19	1	31	231	0
6	0	20	231	0
23	1	12	231	0
16	2	10	231	0
22	0	11	231	0
26	1	24	231	0
10	1	14	232	0
9	1	22	232	0
30	1	2	232	0
1	0	16	232	0
20	2	26	232	0
31	1	23	232	0
24	1	32	232	0
29	0	19	232	0
11	1	6	232	0
12	1	17	232	0
16	1	29	233	0
26	0	12	233	0
17	2	24	233	0
19	0	9	233	0
6	2	30	233	0
22	0	31	233	0
2	0	20	233	0
32	1	1	233	0
14	1	11	233	0
23	2	10	233	0
16	1	19	234	0
31	0	29	234	0
22	2	14	234	0
9	2	24	234	0
6	1	32	234	0
20	0	10	234	0
26	1	23	234	0
12	1	1	234	0
17	1	2	234	0
30	0	11	234	0
2	0	6	235	0
23	2	16	235	0
11	1	12	235	0
10	2	17	235	0
14	0	26	235	0
1	2	9	235	0
24	0	30	235	0
19	1	22	235	0
32	2	31	235	0
29	1	20	235	0
31	0	11	236	0
22	1	24	236	0
20	1	1	236	0
23	0	6	236	0
26	2	30	236	0
29	0	9	236	0
10	0	12	236	0
19	1	32	236	0
14	1	2	236	0
16	2	17	236	0
2	0	23	237	0
30	1	29	237	0
24	0	20	237	0
6	0	31	237	0
9	1	14	237	0
11	1	10	237	0
1	1	22	237	0
32	0	16	237	0
12	2	19	237	0
17	2	26	237	0
19	1	24	238	0
29	2	12	238	0
14	0	17	238	0
16	1	2	238	0
10	1	1	238	0
26	1	32	238	0
31	1	9	238	0
20	0	30	238	0
22	2	6	238	0
23	0	11	238	0
30	1	31	239	0
12	1	20	239	0
24	1	23	239	0
1	0	26	239	0
32	0	22	239	0
11	2	16	239	0
9	2	10	239	0
17	0	29	239	0
2	2	19	239	0
6	1	14	239	0
20	1	11	240	0
23	2	32	240	0
26	0	6	240	0
22	0	30	240	0
10	1	2	240	0
14	1	24	240	0
31	0	12	240	0
29	0	1	240	0
16	1	9	240	0
19	0	17	240	0
24	2	11	241	0
9	2	20	241	0
16	2	14	241	0
30	2	12	241	0
17	1	23	241	0
19	1	26	241	0
29	1	22	241	0
2	0	31	241	0
32	2	10	241	0
1	1	6	241	0
11	1	1	242	0
10	2	29	242	0
22	1	17	242	0
14	0	32	242	0
20	2	16	242	0
31	1	24	242	0
23	0	30	242	0
12	2	9	242	0
6	1	19	242	0
26	2	2	242	0
16	0	22	243	0
17	2	20	243	0
2	0	11	243	0
32	1	12	243	0
9	2	6	243	0
1	0	31	243	0
19	1	23	243	0
29	1	26	243	0
24	2	10	243	0
30	1	14	243	0
11	1	19	244	0
23	2	9	244	0
31	1	17	244	0
22	2	2	244	0
20	0	32	244	0
6	0	29	244	0
12	0	24	244	0
10	0	30	244	0
14	1	1	244	0
26	0	16	244	0
6	1	12	245	0
14	2	31	245	0
19	1	1	245	0
23	1	20	245	0
16	1	24	245	0
22	0	10	245	0
26	1	11	245	0
2	2	9	245	0
32	2	29	245	0
17	1	30	245	0
30	2	19	246	0
12	2	14	246	0
11	1	32	246	0
20	1	22	246	0
31	0	16	246	0
24	1	2	246	0
10	0	6	246	0
29	2	23	246	0
1	0	17	246	0
9	1	26	246	0
10	2	16	247	0
29	0	14	247	0
31	0	19	247	0
20	1	6	247	0
1	1	2	247	0
24	1	26	247	0
30	2	32	247	0
11	1	22	247	0
9	1	17	247	0
12	1	23	247	0
32	0	9	248	0
2	1	29	248	0
22	2	12	248	0
14	2	20	248	0
19	2	10	248	0
26	1	31	248	0
6	1	24	248	0
17	2	11	248	0
16	0	30	248	0
23	0	1	248	0
17	0	12	249	0
23	1	31	249	0
6	2	11	249	0
2	2	30	249	0
26	1	20	249	0
22	1	9	249	0
19	1	29	249	0
32	1	24	249	0
16	1	1	249	0
14	2	10	249	0
9	2	19	250	0
10	0	23	250	0
12	0	26	250	0
11	0	14	250	0
24	0	17	250	0
31	1	22	250	0
29	0	16	250	0
30	1	6	250	0
20	2	2	250	0
1	2	32	250	0
11	2	26	251	0
30	1	17	251	0
24	0	16	251	0
1	0	19	251	0
9	1	2	251	0
10	1	22	251	0
20	2	23	251	0
29	0	32	251	0
31	2	14	251	0
12	1	6	251	0
16	1	31	252	0
23	2	29	252	0
6	0	10	252	0
22	1	20	252	0
17	2	1	252	0
2	1	24	252	0
19	0	30	252	0
14	2	12	252	0
26	1	9	252	0
32	0	11	252	0
1	1	12	253	0
32	0	6	253	0
29	0	31	253	0
24	2	9	253	0
23	0	26	253	0
14	1	22	253	0
11	1	30	253	0
2	0	17	253	0
19	0	16	253	0
10	0	20	253	0
9	1	1	254	0
22	2	19	254	0
16	1	23	254	0
12	1	11	254	0
20	1	29	254	0
17	1	10	254	0
6	1	2	254	0
26	0	14	254	0
30	1	24	254	0
31	2	32	254	0
2	0	10	255	0
17	1	19	255	0
6	1	22	255	0
9	1	16	255	0
11	0	23	255	0
1	2	29	255	0
24	0	14	255	0
30	2	20	255	0
32	1	26	255	0
12	1	31	255	0
20	1	12	256	0
29	0	17	256	0
31	0	30	256	0
23	1	24	256	0
26	2	1	256	0
22	0	32	256	0
10	0	9	256	0
14	2	6	256	0
16	2	11	256	0
19	1	2	256	0
1	1	10	257	0
11	1	20	257	0
17	2	14	257	0
12	1	29	257	0
32	1	23	257	0
24	2	19	257	0
2	0	16	257	0
30	1	22	257	0
9	1	31	257	0
6	0	26	257	0
22	2	1	258	0
23	1	2	258	0
20	0	24	258	0
31	0	6	258	0
29	0	30	258	0
14	2	9	258	0
26	1	17	258	0
10	0	11	258	0
16	1	32	258	0
19	0	12	258	0
17	2	16	259	0
32	0	19	259	0
1	2	20	259	0
11	1	31	259	0
24	1	22	259	0
30	1	26	259	0
12	1	10	259	0
6	2	23	259	0
2	0	14	259	0
9	2	29	259	0
2	0	32	260	0
31	2	10	260	0
23	1	14	260	0
26	1	22	260	0
9	2	11	260	0
29	1	24	260	0
19	1	20	260	0
17	1	6	260	0
1	0	30	260	0
16	1	12	260	0
24	0	1	261	0
10	2	26	261	0
6	0	16	261	0
11	2	29	261	0
30	2	9	261	0
22	1	23	261	0
32	0	17	261	0
14	0	19	261	0
20	0	31	261	0
12	1	2	261	0
24	1	31	262	0
9	1	12	262	0
16	2	20	262	0
30	1	23	262	0
1	2	11	262	0
17	2	22	262	0
32	0	14	262	0
19	1	6	262	0
29	2	10	262	0
2	0	26	262	0
12	2	30	263	0
11	1	24	263	0
20	0	9	263	0
23	1	17	263	0
31	1	2	263	0
6	2	1	263	0
22	1	29	263	0
10	1	32	263	0
14	2	16	263	0
26	1	19	263	0
24	0	12	264	0
9	0	23	264	0
1	1	14	264	0
29	1	6	264	0
2	2	22	264	0
32	2	20	264	0
30	1	10	264	0
16	0	26	264	0
19	2	11	264	0
17	1	31	264	0
12	1	32	265	0
20	2	17	265	0
31	2	1	265	0
23	2	19	265	0
6	1	9	265	0
26	1	29	265	0
22	1	16	265	0
11	1	2	265	0
10	1	24	265	0
14	2	30	265	0
20	2	17	265	0
11	1	2	265	0
23	2	19	265	0
6	1	9	265	0
12	1	32	265	0
31	2	1	265	0
22	1	16	265	0
10	1	24	265	0
14	2	30	265	0
26	1	29	265	0
14	1	9	266	0
26	2	31	266	0
33	2	6	266	0
10	2	16	266	0
29	0	20	266	0
7	0	23	266	0
15	1	30	266	0
11	0	17	266	0
19	1	1	266	0
32	0	12	266	0
20	0	10	267	0
23	0	15	267	0
16	1	29	267	0
9	1	32	267	0
31	0	14	267	0
7	1	17	267	0
30	2	11	267	0
6	0	19	267	0
12	1	26	267	0
1	0	33	267	0
26	2	1	268	0
16	2	17	268	0
31	0	11	268	0
14	1	7	268	0
10	1	6	268	0
30	1	23	268	0
15	0	12	268	0
20	2	33	268	0
19	1	9	268	0
29	2	32	268	0
9	0	31	269	0
32	1	20	269	0
11	1	26	269	0
33	0	29	269	0
6	0	16	269	0
12	0	19	269	0
7	2	15	269	0
1	0	10	269	0
17	1	30	269	0
23	2	14	269	0
14	0	17	270	0
15	0	11	270	0
19	1	32	270	0
20	1	9	270	0
10	1	33	270	0
31	1	12	270	0
29	1	6	270	0
26	1	23	270	0
16	1	1	270	0
30	1	7	270	0
6	2	20	271	0
7	1	31	271	0
9	0	26	271	0
11	1	14	271	0
12	1	30	271	0
32	1	10	271	0
17	1	15	271	0
33	0	16	271	0
23	0	19	271	0
1	0	29	271	0
12	2	6	272	0
9	2	33	272	0
31	2	32	272	0
1	2	20	272	0
7	0	11	272	0
23	0	17	272	0
15	0	14	272	0
30	2	26	272	0
10	2	29	272	0
16	1	19	272	0
14	1	30	273	0
32	1	15	273	0
17	2	12	273	0
19	2	10	273	0
6	1	1	273	0
20	2	16	273	0
29	0	9	273	0
33	0	31	273	0
26	1	7	273	0
11	1	23	273	0
23	2	31	274	0
9	1	1	274	0
32	2	16	274	0
11	2	33	274	0
17	1	20	274	0
7	1	10	274	0
15	0	6	274	0
14	1	12	274	0
19	2	26	274	0
30	1	29	274	0
16	2	30	275	0
31	1	15	275	0
20	0	19	275	0
10	1	9	275	0
33	1	32	275	0
12	2	7	275	0
29	0	17	275	0
1	0	11	275	0
26	0	14	275	0
6	1	23	275	0
32	0	1	276	0
30	0	20	276	0
11	2	16	276	0
14	1	10	276	0
9	2	6	276	0
15	1	26	276	0
23	0	12	276	0
17	1	31	276	0
7	1	29	276	0
19	2	33	276	0
33	0	14	277	0
20	1	7	277	0
31	1	30	277	0
1	1	15	277	0
16	1	9	277	0
10	2	23	277	0
26	2	17	277	0
6	0	32	277	0
29	0	19	277	0
12	2	11	277	0
14	1	16	278	0
7	0	19	278	0
15	2	20	278	0
30	2	33	278	0
17	1	1	278	0
23	1	29	278	0
31	0	6	278	0
11	1	32	278	0
12	2	9	278	0
26	1	10	278	0
19	0	14	279	0
9	0	11	279	0
32	1	17	279	0
20	1	31	279	0
10	2	12	279	0
33	1	15	279	0
16	1	23	279	0
1	1	30	279	0
6	1	7	279	0
29	1	26	279	0
17	2	9	280	0
26	1	33	280	0
12	1	16	280	0
14	1	20	280	0
30	1	19	280	0
23	1	1	280	0
15	2	29	280	0
11	1	6	280	0
31	1	10	280	0
7	1	32	280	0
16	1	15	281	0
19	1	31	281	0
6	2	26	281	0
20	1	23	281	0
29	0	12	281	0
9	1	7	281	0
1	0	14	281	0
33	0	17	281	0
10	1	11	281	0
32	1	30	281	0
6	2	30	282	0
10	0	17	282	0
16	1	7	282	0
19	1	11	282	0
32	0	26	282	0
20	0	12	282	0
9	1	15	282	0
1	1	31	282	0
33	1	23	282	0
29	0	14	282	0
7	1	33	283	0
26	0	16	283	0
31	2	29	283	0
11	1	20	283	0
17	1	6	283	0
15	0	19	283	0
23	0	9	283	0
12	1	1	283	0
30	0	10	283	0
14	1	32	283	0
23	0	32	284	0
31	0	16	284	0
17	1	19	284	0
26	0	20	284	0
11	1	29	284	0
30	1	9	284	0
15	2	10	284	0
12	1	33	284	0
14	1	6	284	0
7	1	1	284	0
33	2	30	285	0
10	1	26	285	0
19	1	7	285	0
1	2	17	285	0
20	1	15	285	0
9	0	12	285	0
32	2	11	285	0
29	0	23	285	0
6	1	31	285	0
16	1	14	285	0
12	2	17	286	0
10	1	19	286	0
30	0	14	286	0
9	1	29	286	0
31	2	33	286	0
23	0	11	286	0
1	0	6	286	0
15	1	32	286	0
7	1	26	286	0
16	1	20	286	0
17	0	23	287	0
32	2	31	287	0
29	0	10	287	0
33	0	9	287	0
11	1	7	287	0
20	1	1	287	0
19	2	16	287	0
26	1	30	287	0
14	1	15	287	0
6	2	12	287	0
6	2	10	288	0
12	2	15	288	0
9	0	19	288	0
17	2	14	288	0
23	1	26	288	0
1	2	16	288	0
7	1	30	288	0
11	0	31	288	0
32	0	29	288	0
33	2	20	288	0
30	0	12	289	0
19	1	23	289	0
16	1	33	289	0
20	1	6	289	0
31	1	7	289	0
15	1	17	289	0
10	1	32	289	0
29	0	1	289	0
26	0	9	289	0
14	1	11	289	0
11	1	15	290	0
33	2	10	290	0
6	1	29	290	0
1	0	26	290	0
9	2	20	290	0
17	1	16	290	0
7	2	14	290	0
23	1	30	290	0
32	0	19	290	0
12	1	31	290	0
26	0	11	291	0
19	2	12	291	0
30	1	17	291	0
16	1	6	291	0
31	2	9	291	0
29	1	33	291	0
15	2	7	291	0
10	1	1	291	0
14	1	23	291	0
20	1	32	291	0
9	0	14	292	0
1	0	19	292	0
16	1	10	292	0
20	0	29	292	0
17	1	11	292	0
23	1	7	292	0
6	1	33	292	0
30	1	15	292	0
12	2	32	292	0
31	0	26	292	0
11	1	30	293	0
17	1	7	293	0
15	1	23	293	0
10	1	20	293	0
32	1	9	293	0
19	2	6	293	0
14	1	31	293	0
33	1	1	293	0
26	2	12	293	0
29	0	16	293	0
29	1	31	294	0
6	0	14	294	0
1	2	7	294	0
9	0	30	294	0
32	1	23	294	0
16	1	26	294	0
19	2	17	294	0
10	1	15	294	0
33	0	12	294	0
20	1	11	294	0
7	0	16	295	0
12	2	20	295	0
30	1	6	295	0
23	2	33	295	0
11	2	19	295	0
15	1	9	295	0
14	0	29	295	0
31	1	1	295	0
26	2	32	295	0
17	1	10	295	0
30	1	1	296	0
31	1	20	296	0
12	2	10	296	0
11	1	9	296	0
15	1	33	296	0
23	0	16	296	0
7	1	6	296	0
17	2	32	296	0
14	1	19	296	0
26	1	29	296	0
6	0	17	297	0
29	1	11	297	0
10	1	30	297	0
1	0	12	297	0
32	0	14	297	0
9	1	23	297	0
20	0	26	297	0
33	2	7	297	0
19	1	15	297	0
16	1	31	297	0
6	1	15	298	0
12	1	14	298	0
33	0	11	298	0
29	2	30	298	0
10	1	7	298	0
1	2	9	298	0
16	1	32	298	0
26	0	19	298	0
20	0	17	298	0
31	1	23	298	0
30	0	16	299	0
11	1	1	299	0
14	1	26	299	0
17	0	29	299	0
7	0	12	299	0
9	2	10	299	0
23	1	6	299	0
32	1	33	299	0
19	1	20	299	0
15	1	31	299	0
33	2	19	300	0
31	0	17	300	0
16	1	11	300	0
10	0	14	300	0
29	0	7	300	0
20	0	30	300	0
1	0	32	300	0
6	2	9	300	0
26	2	15	300	0
12	2	23	300	0
9	1	16	301	0
11	1	12	301	0
17	2	26	301	0
23	1	10	301	0
30	1	31	301	0
14	1	33	301	0
15	0	1	301	0
7	2	20	301	0
32	2	6	301	0
19	1	29	301	0
19	1	30	302	0
16	1	12	302	0
9	0	17	302	0
29	1	15	302	0
6	0	11	302	0
1	0	23	302	0
33	0	26	302	0
32	1	7	302	0
20	0	14	302	0
10	1	31	302	0
26	0	6	303	0
31	0	19	303	0
12	1	29	303	0
31	0	19	303	0
17	1	33	303	0
23	1	20	303	0
15	0	16	303	0
23	1	20	303	0
26	0	6	303	0
12	1	29	303	0
17	1	33	303	0
15	0	16	303	0
14	1	1	303	0
30	2	32	303	0
11	1	10	303	0
11	1	10	303	0
7	0	9	303	0
14	1	1	303	0
7	0	9	303	0
30	2	32	303	0
26	2	23	304	0
34	0	19	304	0
10	1	6	304	0
29	0	35	304	0
20	1	32	304	0
14	0	7	304	0
31	2	17	304	0
22	0	16	304	0
12	1	9	304	0
11	1	30	304	0
32	0	31	305	0
35	1	22	305	0
16	0	14	305	0
26	1	9	305	0
17	1	29	305	0
6	1	11	305	0
30	1	34	305	0
7	0	20	305	0
23	0	12	305	0
19	2	10	305	0
14	1	10	306	0
12	1	30	306	0
31	2	34	306	0
22	1	9	306	0
35	2	26	306	0
20	2	6	306	0
17	1	11	306	0
16	2	7	306	0
29	0	23	306	0
32	0	19	306	0
9	1	35	307	0
7	1	29	307	0
6	2	12	307	0
26	0	31	307	0
30	0	14	307	0
10	0	16	307	0
34	1	20	307	0
11	1	32	307	0
19	1	17	307	0
23	0	22	307	0
22	1	6	308	0
12	1	10	308	0
14	2	11	308	0
16	2	23	308	0
20	2	9	308	0
31	0	19	308	0
17	2	7	308	0
35	2	30	308	0
29	0	26	308	0
32	1	34	308	0
9	0	16	309	0
7	2	35	309	0
11	1	20	309	0
10	1	32	309	0
19	1	29	309	0
26	0	12	309	0
6	0	14	309	0
30	0	17	309	0
34	1	22	309	0
23	0	31	309	0
14	0	19	310	0
20	2	31	310	0
10	0	7	310	0
9	1	23	310	0
11	1	34	310	0
6	1	26	310	0
12	1	29	310	0
32	2	30	310	0
22	2	17	310	0
35	0	16	310	0
17	2	12	311	0
23	1	35	311	0
19	1	6	311	0
29	1	14	311	0
7	2	9	311	0
31	1	11	311	0
16	1	32	311	0
26	2	22	311	0
34	2	10	311	0
30	2	20	311	0
9	0	34	312	0
16	1	17	312	0
26	1	20	312	0
23	0	30	312	0
6	0	32	312	0
22	1	29	312	0
19	1	7	312	0
35	1	12	312	0
14	1	31	312	0
10	0	11	312	0
31	0	6	313	0
34	2	26	313	0
17	1	35	313	0
29	2	9	313	0
11	1	23	313	0
12	1	16	313	0
30	1	10	313	0
20	0	19	313	0
7	1	22	313	0
32	0	14	313	0
35	1	20	314	0
22	0	32	314	0
26	0	7	314	0
23	0	34	314	0
9	0	17	314	0
16	1	29	314	0
6	2	30	314	0
14	1	12	314	0
10	1	31	314	0
19	1	11	314	0
11	1	16	315	0
7	1	23	315	0
29	2	10	315	0
30	0	19	315	0
17	1	26	315	0
20	0	14	315	0
12	1	22	315	0
34	2	6	315	0
31	1	9	315	0
32	1	35	315	0
22	0	31	316	0
7	0	11	316	0
26	1	10	316	0
17	2	14	316	0
9	2	30	316	0
16	2	20	316	0
23	2	32	316	0
12	1	34	316	0
29	1	6	316	0
35	0	19	316	0
14	1	23	317	0
31	0	12	317	0
30	1	16	317	0
20	2	22	317	0
6	0	17	317	0
19	1	26	317	0
34	2	29	317	0
10	1	9	317	0
11	1	35	317	0
32	0	7	317	0
30	1	7	318	0
6	1	23	318	0
31	2	16	318	0
11	0	12	318	0
19	1	9	318	0
34	0	17	318	0
20	2	29	318	0
14	1	22	318	0
32	2	26	318	0
10	1	35	318	0
16	1	6	319	0
23	1	20	319	0
35	1	34	319	0
29	2	32	319	0
17	2	10	319	0
9	1	14	319	0
22	0	30	319	0
12	0	19	319	0
7	1	31	319	0
26	2	11	319	0
35	0	14	320	0
29	1	31	320	0
23	0	19	320	0
22	0	10	320	0
26	0	30	320	0
16	1	34	320	0
17	2	20	320	0
9	2	11	320	0
12	1	32	320	0
7	1	6	320	0
30	0	29	321	0
11	1	22	321	0
34	2	7	321	0
14	1	26	321	0
10	1	23	321	0
6	0	9	321	0
19	1	16	321	0
20	0	12	321	0
32	0	17	321	0
31	0	35	321	0
30	2	12	322	0
7	0	16	322	0
9	0	22	322	0
23	2	29	322	0
6	1	20	322	0
26	2	35	322	0
19	1	32	322	0
34	1	31	322	0
10	2	14	322	0
11	2	17	322	0
20	2	10	323	0
31	1	30	323	0
12	2	7	323	0
35	2	6	323	0
14	1	34	323	0
32	2	9	323	0
16	1	26	323	0
17	1	23	323	0
22	0	19	323	0
29	0	11	323	0
16	2	9	324	0
29	2	19	324	0
12	2	26	324	0
31	0	23	324	0
22	2	34	324	0
17	1	30	324	0
35	2	7	324	0
20	2	11	324	0
32	1	10	324	0
14	1	6	324	0
10	0	12	325	0
9	1	20	325	0
6	0	22	325	0
30	1	35	325	0
7	0	17	325	0
34	2	32	325	0
19	1	31	325	0
26	0	29	325	0
11	2	14	325	0
23	0	16	325	0
29	1	7	326	0
22	2	23	326	0
31	2	26	326	0
20	1	34	326	0
16	1	10	326	0
32	1	11	326	0
14	2	30	326	0
35	0	9	326	0
17	1	19	326	0
12	1	6	326	0
11	1	29	327	0
7	0	12	327	0
10	2	20	327	0
30	1	31	327	0
34	0	14	327	0
6	1	35	327	0
9	2	32	327	0
19	1	22	327	0
26	2	16	327	0
23	1	17	327	0
23	1	11	328	0
16	1	12	328	0
6	2	31	328	0
19	1	20	328	0
26	2	34	328	0
22	2	7	328	0
10	1	30	328	0
14	0	32	328	0
35	0	17	328	0
9	2	29	328	0
29	2	22	329	0
11	1	10	329	0
20	0	26	329	0
17	2	16	329	0
31	1	14	329	0
30	2	23	329	0
34	1	9	329	0
32	1	6	329	0
7	2	19	329	0
12	1	35	329	0
14	1	20	330	0
26	0	17	330	0
35	1	32	330	0
19	1	30	330	0
9	1	31	330	0
23	1	7	330	0
6	2	34	330	0
10	1	29	330	0
16	1	11	330	0
22	1	12	330	0
17	1	9	331	0
29	0	16	331	0
7	2	26	331	0
34	1	23	331	0
32	2	22	331	0
30	2	6	331	0
12	1	14	331	0
20	0	35	331	0
11	0	19	331	0
31	1	10	331	0
34	1	11	332	0
17	1	22	332	0
31	1	20	332	0
16	1	35	332	0
23	1	9	332	0
26	2	6	332	0
19	1	14	332	0
7	1	10	332	0
30	2	32	332	0
29	0	12	332	0
32	0	16	333	0
11	1	31	333	0
14	1	29	333	0
9	0	7	333	0
20	0	30	333	0
22	1	26	333	0
35	2	23	333	0
10	1	34	333	0
6	0	19	333	0
12	1	17	333	0
19	1	34	334	0
16	1	22	334	0
30	1	11	334	0
23	0	26	334	0
7	0	14	334	0
17	1	31	334	0
6	0	10	334	0
35	0	29	334	0
32	1	20	334	0
9	2	12	334	0
9	1	26	335	0
22	1	35	335	0
12	1	23	335	0
34	0	30	335	0
29	0	17	335	0
10	0	19	335	0
11	1	6	335	0
20	0	7	335	0
31	2	32	335	0
14	0	16	335	0
10	2	17	336	0
32	2	29	336	0
30	0	22	336	0
6	0	16	336	0
31	0	7	336	0
20	2	23	336	0
34	2	35	336	0
11	1	26	336	0
19	0	12	336	0
14	2	9	336	0
22	1	11	337	0
16	0	19	337	0
17	1	32	337	0
23	2	10	337	0
29	1	34	337	0
7	1	30	337	0
26	0	14	337	0
12	0	20	337	0
9	2	6	337	0
35	1	31	337	0
19	1	23	338	0
10	1	22	338	0
6	2	7	338	0
11	1	9	338	0
31	2	29	338	0
20	2	17	338	0
30	2	26	338	0
32	0	12	338	0
14	2	35	338	0
34	2	16	338	0
35	0	10	339	0
22	0	20	339	0
26	1	32	339	0
23	0	14	339	0
9	0	19	339	0
12	1	11	339	0
16	1	31	339	0
7	2	34	339	0
29	1	30	339	0
17	2	6	339	0
6	0	29	340	0
34	1	12	340	0
32	1	23	340	0
30	0	9	340	0
31	1	22	340	0
20	1	16	340	0
10	2	26	340	0
19	2	35	340	0
11	1	7	340	0
14	1	17	340	0
7	0	32	341	0
9	1	10	341	0
16	1	30	341	0
23	0	6	341	0
26	0	19	341	0
29	1	20	341	0
12	1	31	341	0
17	1	34	341	0
12	1	31	341	0
22	1	14	341	0
22	1	14	341	0
23	0	6	341	0
16	1	30	341	0
26	0	19	341	0
7	0	32	341	0
29	1	20	341	0
35	0	11	341	0
17	1	34	341	0
9	1	10	341	0
35	0	11	341	0
17	1	9	342	0
26	2	7	342	0
8	2	10	342	0
31	1	34	342	0
32	1	28	342	0
5	0	29	342	0
22	0	16	342	0
12	1	30	342	0
35	0	14	342	0
11	0	19	342	0
14	1	11	343	0
30	1	8	343	0
16	1	5	343	0
10	1	26	343	0
19	1	35	343	0
34	1	12	343	0
29	0	17	343	0
7	0	31	343	0
28	2	22	343	0
9	0	32	343	0
5	1	7	344	0
12	0	16	344	0
22	0	14	344	0
31	1	29	344	0
26	0	30	344	0
35	2	28	344	0
32	2	10	344	0
11	1	9	344	0
8	2	19	344	0
17	1	34	344	0
30	0	17	345	0
7	0	12	345	0
28	0	11	345	0
19	1	22	345	0
9	0	8	345	0
31	1	16	345	0
10	2	35	345	0
29	0	26	345	0
14	1	32	345	0
34	2	5	345	0
14	1	28	346	0
26	2	34	346	0
10	0	9	346	0
8	1	7	346	0
31	0	12	346	0
22	0	11	346	0
19	1	5	346	0
35	0	29	346	0
32	1	30	346	0
16	0	17	346	0
34	0	16	347	0
11	1	10	347	0
17	1	26	347	0
9	2	14	347	0
12	2	8	347	0
29	2	22	347	0
28	0	19	347	0
7	1	32	347	0
5	2	31	347	0
30	1	35	347	0
11	1	31	348	0
10	1	5	348	0
9	1	12	348	0
22	0	30	348	0
8	1	26	348	0
14	2	17	348	0
32	1	29	348	0
35	0	16	348	0
28	0	7	348	0
19	1	34	348	0
34	1	9	349	0
7	2	35	349	0
29	0	8	349	0
30	0	10	349	0
16	1	28	349	0
31	0	32	349	0
17	2	19	349	0
26	0	14	349	0
5	0	11	349	0
12	1	22	349	0
9	0	16	350	0
22	0	34	350	0
19	1	7	350	0
28	1	5	350	0
32	2	26	350	0
14	2	12	350	0
8	0	31	350	0
10	1	29	350	0
35	0	17	350	0
11	1	30	350	0
16	0	19	351	0
29	2	11	351	0
7	0	14	351	0
30	2	9	351	0
31	1	35	351	0
26	2	22	351	0
17	1	28	351	0
5	0	32	351	0
34	1	8	351	0
12	1	10	351	0
19	1	26	352	0
8	0	16	352	0
11	2	17	352	0
9	1	7	352	0
22	1	31	352	0
10	1	34	352	0
28	0	30	352	0
32	0	12	352	0
35	1	5	352	0
14	1	29	352	0
19	1	12	353	0
11	2	8	353	0
14	2	10	353	0
17	1	5	353	0
29	0	16	353	0
26	2	31	353	0
22	1	32	353	0
30	2	7	353	0
35	2	9	353	0
28	1	34	353	0
34	2	30	354	0
32	0	11	354	0
10	1	28	354	0
5	1	26	354	0
12	2	29	354	0
31	0	17	354	0
9	0	19	354	0
16	1	14	354	0
8	0	35	354	0
7	0	22	354	0
28	1	8	355	0
29	1	7	355	0
11	1	16	355	0
14	1	5	355	0
26	2	12	355	0
22	0	9	355	0
19	1	32	355	0
30	1	31	355	0
35	0	34	355	0
17	1	10	355	0
5	2	30	356	0
16	1	26	356	0
10	2	22	356	0
8	1	14	356	0
7	0	17	356	0
12	2	11	356	0
31	0	19	356	0
9	1	28	356	0
34	1	29	356	0
32	1	35	356	0
10	2	31	357	0
22	0	8	357	0
30	0	16	357	0
14	1	19	357	0
9	1	29	357	0
32	0	17	357	0
12	1	5	357	0
28	1	26	357	0
7	1	34	357	0
11	1	35	357	0
17	1	12	358	0
26	1	11	358	0
5	0	9	358	0
8	1	32	358	0
34	0	14	358	0
16	1	7	358	0
29	1	30	358	0
19	1	10	358	0
31	1	28	358	0
35	0	22	358	0
8	0	17	359	0
11	1	7	359	0
32	1	34	359	0
35	0	26	359	0
19	0	29	359	0
22	2	5	359	0
9	0	31	359	0
28	0	12	359	0
10	0	16	359	0
14	0	30	359	0
31	0	14	360	0
16	1	32	360	0
12	1	35	360	0
17	1	22	360	0
30	1	19	360	0
29	2	28	360	0
7	0	10	360	0
26	0	9	360	0
5	2	8	360	0
34	2	11	360	0
12	1	32	361	0
26	0	19	361	0
7	1	9	361	0
29	0	14	361	0
17	1	11	361	0
31	2	22	361	0
30	0	28	361	0
5	1	35	361	0
34	1	10	361	0
16	0	8	361	0
10	0	30	362	0
28	0	16	362	0
32	2	31	362	0
14	2	26	362	0
35	0	7	362	0
9	2	34	362	0
22	0	12	362	0
19	1	17	362	0
8	0	29	362	0
11	1	5	362	0
14	1	22	363	0
19	1	8	363	0
16	0	12	363	0
10	1	32	363	0
30	0	26	363	0
29	0	31	363	0
28	2	35	363	0
7	1	5	363	0
34	0	17	363	0
9	1	11	363	0
8	1	30	364	0
22	1	28	364	0
26	1	10	364	0
31	2	7	364	0
11	1	14	364	0
35	0	19	364	0
17	1	29	364	0
5	0	16	364	0
12	1	34	364	0
32	1	9	364	0
5	1	34	365	0
11	1	28	365	0
32	1	14	365	0
12	2	7	365	0
16	1	31	365	0
17	2	30	365	0
26	2	29	365	0
35	0	10	365	0
22	1	19	365	0
8	1	9	365	0
14	1	35	366	0
7	2	26	366	0
29	1	5	366	0
16	1	22	366	0
28	1	32	366	0
9	2	17	366	0
19	1	11	366	0
30	0	12	366	0
34	2	31	366	0
10	0	8	366	0
16	1	30	367	0
31	1	10	367	0
26	0	28	367	0
17	1	32	367	0
35	0	11	367	0
5	0	12	367	0
34	0	7	367	0
29	2	9	367	0
8	2	22	367	0
19	1	14	367	0
11	1	26	368	0
12	2	17	368	0
30	0	29	368	0
32	2	8	368	0
14	1	34	368	0
7	1	16	368	0
28	0	31	368	0
9	1	5	368	0
22	1	35	368	0
10	0	19	368	0
22	1	7	369	0
29	0	12	369	0
26	1	5	369	0
11	1	32	369	0
19	1	9	369	0
35	1	8	369	0
28	0	10	369	0
30	1	34	369	0
14	1	16	369	0
17	1	31	369	0
16	2	11	370	0
5	0	14	370	0
31	1	30	370	0
9	1	22	370	0
12	1	26	370	0
10	2	17	370	0
7	0	29	370	0
8	1	28	370	0
32	0	19	370	0
34	1	35	370	0
30	1	5	371	0
29	0	34	371	0
28	1	9	371	0
22	1	10	371	0
26	1	16	371	0
19	1	31	371	0
17	1	7	371	0
14	2	8	371	0
11	1	12	371	0
35	0	32	371	0
8	1	11	372	0
12	0	19	372	0
34	0	28	372	0
16	1	29	372	0
10	1	14	372	0
5	0	17	372	0
32	2	22	372	0
7	0	30	372	0
9	1	35	372	0
31	2	26	372	0
30	1	32	373	0
28	0	14	373	0
9	0	10	373	0
7	1	8	373	0
12	1	31	373	0
34	0	26	373	0
29	1	35	373	0
17	1	16	373	0
11	1	22	373	0
5	0	19	373	0
31	1	5	374	0
8	1	12	374	0
19	1	28	374	0
16	1	34	374	0
26	0	17	374	0
32	0	7	374	0
22	0	29	374	0
35	0	30	374	0
10	1	11	374	0
14	1	9	374	0
31	0	11	375	0
29	0	19	375	0
12	1	9	375	0
26	1	8	375	0
17	1	14	375	0
7	1	28	375	0
30	0	22	375	0
