2000000	19780311
2000001	19870504
2000002	19830806
2000003	19770804
2000004	19780620
2000005	19851024
2000006	19820326
2000007	19900709
2000008	19860511
2000009	19830823
2000010	19840320
2000011	19890716
2000012	19800613
2000013	19790921
2000014	19840823
2000015	19821203
2000016	19790314
2000017	19811021
2000018	19890926
2000019	19831118
2000020	19840205
2000021	19840328
2000022	19850315
2000023	19911120
2000024	19881128
2000025	19800530
2000026	19870909
2000027	19861117
2000028	19871122
2000029	19810823
2000030	19861228
2000031	19890926
2000032	19850804
2000033	19840222
2000034	19731129
2000035	19770827
2000036	19900702
2000037	19810515
2000038	19810223
2000039	19810130
2000040	19801220
2000041	19820824
2000042	19870614
2000043	19840813
2000044	19850726
2000045	19790403
2000046	19851114
2000047	19771216
2000048	19860104
2000049	19820617
2000050	19840226
2000051	19880103
2000052	19820317
2000053	19820729
2000054	19780827
2000055	19860104
2000056	19801013
2000057	19870416
2000058	19840324
2000059	19840201
2000060	19820817
2000061	19790705
2000062	19851219
2000063	19840206
2000064	19850909
2000065	19810319
2000066	19730906
2000067	19790723
2000068	19841005
2000069	19810130
2000070	19870109
2000071	19770326
2000072	19860410
2000073	19791206
2000074	19840608
2000075	19810529
2000076	19880216
2000077	19831115
2000078	19920221
2000079	19801207
2000080	19870714
2000081	19841211
2000082	19860814
2000083	19860528
2000084	19810215
2000085	19830309
2000086	19830428
2000087	19801012
2000088	19830414
2000089	19771018
2000090	19790713
2000091	19790302
2000092	19810620
2000093	19800806
2000094	19770318
2000095	19840827
2000096	19720615
2000097	19891008
2000098	19890107
2000099	19850307
2000100	19870626
2000101	19860506
2000102	19780518
2000103	19821129
2000104	19820320
2000105	19810219
2000106	19820304
2000107	19830502
2000108	19790418
2000109	19770817
2000110	19850920
2000111	19870214
2000112	19740918
2000113	19810731
2000114	19760926
2000115	19840729
2000116	19850116
2000117	19860205
2000118	19810102
2000119	19830727
2000120	19791227
2000121	19741116
2000122	19881215
2000123	19800106
2000124	19840818
2000125	19821007
2000126	19841212
2000127	19831109
2000128	19791013
2000129	19881014
2000130	19750725
2000131	19810801
2000132	19860925
2000133	19850709
2000134	19800502
2000135	19800722
2000136	19870306
2000137	19871004
2000138	19860709
2000139	19811212
2000140	19830214
2000141	19790808
2000142	19870508
2000143	19850131
2000144	19890329
2000145	19840722
2000146	19800122
2000147	19701029
2000148	19870422
2000149	19801126
2000150	19830820
2000151	19831012
2000152	19830503
2000153	19810517
2000154	19780808
2000155	19810728
2000156	19760623
2000157	19791014
2000158	19780226
2000159	19840108
2000160	19801130
2000161	19820816
2000162	19810116
2000163	19811108
2000164	19800805
2000165	19880624
2000166	19830604
2000167	19800906
2000168	19820331
2000169	19880116
2000170	19810615
2000171	19811009
2000172	19810908
2000173	19850801
2000174	19811025
2000175	19770103
2000176	19880702
2000177	19850419
2000178	19750218
2000179	19790905
2000180	19800505
2000181	19820225
2000182	19841130
2000183	19790221
2000184	19790719
2000185	19830918
2000186	19850223
2000187	19810814
2000188	19791108
2000189	19850709
2000190	19920101
2000191	19780111
2000192	19850725
2000193	19861013
2000194	19760612
2000195	19800311
2000196	19820415
2000197	19800201
2000198	19721006
2000199	19780128
2000200	19781107
2000201	19881002
2000202	19850606
2000203	19900528
2000204	19910120
2000205	19840304
2000206	19710518
2000207	19880517
2000208	19820831
2000209	19801004
2000210	19821231
2000211	19870419
2000212	19841130
2000213	19870124
2000214	19901112
2000215	19780813
2000216	19790422
2000217	19790118
2000218	19830502
2000219	19850315
2000220	19841215
2000221	19840721
2000222	19830218
2000223	19850214
2000224	19820618
2000225	19820520
2000226	19901226
2000227	19850227
2000228	19791127
2000229	19820109
2000230	19840806
2000231	19871025
2000232	19781229
2000233	19861125
2000234	19810208
2000235	19791218
2000236	19810225
2000237	19860529
2000238	19811127
2000239	19881011
2000240	19790629
2000241	19880302
2000242	19801011
2000243	19770125
2000244	19880413
2000245	19860522
2000246	19860131
2000247	19850805
2000248	19850218
2000249	19850820
2000250	19880321
2000251	19750419
2000252	19780202
2000253	19870620
2000254	19760829
2000255	19811215
2000256	19901209
2000257	19880406
2000258	19830218
2000259	19860301
2000260	19770809
2000261	19860822
2000262	19840707
2000263	19710904
2000264	19781214
2000265	19820112
2000266	19870326
2000267	19790115
2000268	19800919
2000269	19781208
2000270	19760706
2000271	19761103
2000272	19841021
2000273	19850108
2000274	19810122
2000275	19820412
2000276	19810220
2000277	19840617
2000278	19800708
2000279	19830801
2000280	19791127
2000281	19790911
2000282	19770210
2000283	19901107
2000284	19760420
2000285	19800129
2000286	19890316
2000287	19781023
2000288	19871024
2000289	19811214
2000290	19860501
2000291	19770121
2000292	19820306
2000293	19781214
2000294	19890625
2000295	19791023
2000296	19800121
2000297	19861112
2000298	19790306
2000299	19840113
2000300	19900617
2000301	19820608
2000302	19830403
2000303	19830906
2000304	19800918
2000305	19810527
2000306	19761104
2000307	19810115
2000308	19870817
2000309	19790924
2000310	19820719
2000311	19830225
2000312	19810719
2000313	19780111
2000314	19801108
2000315	19920421
2000316	19851119
2000317	19711010
2000318	19790925
2000319	19811011
2000320	19890401
2000321	19751022
2000322	19800913
2000323	19790102
2000324	19780309
2000325	19760420
2000326	19850920
2000327	19820225
2000328	19760620
2000329	19890529
2000330	19920823
2000331	19810515
2000332	19870513
2000333	19840125
2000334	19860516
2000335	19910311
2000336	19780128
2000337	19791031
2000338	19830430
2000339	19880423
2000340	19830115
2000341	19851108
2000342	19840131
2000343	19821122
2000344	19770519
2000345	19891029
2000346	19791015
2000347	19781020
2000348	19841101
2000349	19840514
2000350	19810430
2000351	19810429
2000352	19800111
2000353	19750608
2000354	19870913
2000355	19821026
2000356	19850502
2000357	19821109
2000358	19750905
2000359	19861219
2000360	19850524
2000361	19771112
2000362	19891116
2000363	19780925
2000364	19700801
2000365	19840514
2000366	19870819
2000367	19790625
2000368	19800522
2000369	19780110
2000370	19880108
2000371	19800118
2000372	19841104
2000373	19791005
2000374	19810820
2000375	19740711
2000376	19830223
2000377	19900201
2000378	19810329
2000379	19720229
2000380	19800912
2000381	19790924
2000382	19821126
2000383	19860106
2000384	19740228
2000385	19881227
2000386	19900427
2000387	19801125
2000388	19891130
2000389	19800612
2000390	19870124
2000391	19851112
2000392	19850628
2000393	19890803
2000394	19771110
2000395	19771019
2000396	19760103
2000397	19900829
2000398	19760304
2000399	19770201
2000400	19740412
2000401	19820108
2000402	19910830
2000403	19821214
2000404	19891126
2000405	19810502
2000406	19860827
2000407	19870118
2000408	19901212
2000409	19790920
2000410	19810816
2000411	19900709
2000412	19870721
2000413	19770716
2000414	19881104
2000415	19780227
2000416	19780125
2000417	19781107
2000418	19870519
2000419	19830507
2000420	19891122
2000421	19880801
2000422	19860203
2000423	19900304
2000424	19900605
2000425	19841208
2000426	19890809
2000427	19830215
2000428	19890407
2000429	19821211
2000430	19860107
2000431	19781003
2000432	19760815
2000433	19891121
2000434	19830110
2000435	19820116
2000436	19810904
2000437	19910822
2000438	19911113
2000439	19790222
2000440	19870101
2000441	19861007
2000442	19770308
2000443	19791214
2000444	19891106
2000445	19891118
2000446	19850418
2000447	19910219
2000448	19880218
2000449	19830621
2000450	19871216
2000451	19841124
2000452	19850104
2000453	19880720
2000454	19790108
2000455	19781224
2000456	19860329
2000457	19890901
2000458	19781229
2000459	19751021
2000460	19870618
2000461	19730725
2000462	19760801
2000463	19790218
2000464	19901128
2000465	19790327
2000466	19901012
2000467	19790920
2000468	19790721
2000469	19870320
2000470	19740211
2000471	19810210
2000472	19780915
2000473	19840309
2000474	19890301
2000475	19890226
2000476	19810326
2000477	19890910
2000478	19880105
2000479	19890812
2000480	19860124
2000481	19910924
2000482	19820515
2000483	19781014
2000484	19830315
2000485	19910621
2000486	19820518
2000487	19820813
2000488	19860415
2000489	19811228
2000490	19880714
2000491	19901126
2000492	19780801
2000493	19910202
2000494	19800525
2000495	19810310
2000496	19821019
2000497	19810911
2000498	19890731
2000499	19910105
2000500	19910501
2000501	19910329
2000502	19820816
2000503	19900524
2000504	19860820
2000505	19890325
2000506	19790805
2000507	19930901
2000508	19830401
2000509	19800426
2000510	19781118
2000511	19770207
2000512	19890511
2000513	19881125
2000514	19901230
2000515	19910511
2000516	19891021
2000517	19830728
2000518	19830417
2000519	19760929
2000520	19891127
2000521	19840228
2000522	19770920
2000523	19840809
2000524	19920207
2000525	19910131
2000526	19891114
2000527	19891010
2000528	19881117
2000529	19920514
2000530	19810120
2000531	19811010
2000532	19881006
2000533	19911211
2000534	19880224
2000535	19780809
2000536	19881008
2000537	19880530
2000538	19840331
2000539	19871017
2000540	19840422
2000541	19880810
2000542	19781111
2000543	19800927
2000544	19891024
2000545	19870124
2000546	19890106
2000547	19851210
2000548	19830211
2000549	19820730
2000550	19870225
2000551	19820902
2000552	19830317
2000553	19901228
2000554	19820405
2000555	19870214
2000556	19841214
2000557	19810715
2000558	19900917
2000559	19870422
2000560	19830513
2000561	19870125
2000562	19830218
2000563	19860621
2000564	19860108
2000565	19870716
2000566	19830115
2000567	19850525
2000568	19860919
2000569	19870324
2000570	19850910
2000571	19831108
2000572	19811119
2000573	19860123
2000574	19840827
2000575	19870325
2000576	19811103
2000577	19830705
2000578	19870927
2000579	19820624
2000580	19870307
2000581	19880903
2000582	19800402
2000583	19840110
2000584	19851110
2000585	19890315
2000586	19830323
2000587	19920131
2000588	19830518
2000589	19810604
2000590	19851122
2000591	19840601
2000592	19840915
2000593	19870909
2000594	19900812
2000595	19830310
2000596	19811230
2000597	19890805
2000598	19820122
2000599	19860123
2000600	19900418
2000601	19860131
2000602	19850612
2000603	19810622
2000604	19930101
2000605	19800811
2000606	19881106
2000607	19860618
2000608	19890206
2000609	19841116
2000610	19800228
2000611	19890812
2000612	19811012
2000613	19880306
2000614	19871105
2000615	19811112
2000616	19880601
2000617	19800925
2000618	19860525
2000619	19910423
2000620	19820928
2000621	19910902
2000622	19881206
2000623	19850829
2000624	19750314
2000625	19861230
2000626	19831010
2000627	19830920
2000628	19840205
2000629	19840618
2000630	19860626
2000631	19860317
2000632	19870505
2000633	19810803
2000634	19911227
2000635	19691110
2000636	19870104
2000637	19900706
2000638	19790525
2000639	19930104
2000640	19800129
2000641	19831109
2000642	19780613
2000643	19830126
2000644	19830329
2000645	19860902
2000646	19870418
2000647	19810501
2000648	19911202
2000649	19820604
2000650	19870621
2000651	19880703
2000652	19910313
2000653	19910306
2000654	19850928
2000655	19850107
2000656	19871017
2000657	19840601
2000658	19831209
2000659	19790825
2000660	19910712
2000661	19880615
2000662	19881030
2000663	19880125
2000664	19810424
2000665	19880403
2000666	19801006
2000667	19891201
2000668	19910306
2000669	19840819
2000670	19830529
2000671	19731029
2000672	19821225
2000673	19840301
2000674	19821016
2000675	19850903
2000676	19861106
2000677	19810702
2000678	19871007
2000679	19801028
2000680	19880805
2000681	19870428
2000682	19810418
2000683	19900712
2000684	19910930
2000685	19920108
2000686	19890404
2000687	19920227
2000688	19761018
2000689	19901210
2000690	19831130
2000691	19930301
2000692	19910411
2000693	19901227
2000694	19900320
2000695	19770206
2000696	19830407
2000697	19830614
2000698	19870731
2000699	19880612
2000700	19841028
2000701	19881117
2000702	19810521
2000703	19911008
2000704	19900108
2000705	19870305
2000706	19850522
2000707	19830407
2000708	19911207
2000709	19860414
2000710	19911228
2000711	19910323
2000712	19761110
2000713	19920325
2000714	19930306
2000715	19920501
2000716	19921111
2000717	19900123
2000718	19910611
2000719	19910425
2000720	19910805
2000721	19780519
2000722	19830326
2000723	19890908
2000724	19820319
2000725	19880602
2000726	19850603
2000727	19880428
2000728	19900410
2000729	19860114
2000730	19860809
2000731	19830308
2000732	19770822
2000733	19860608
2000734	19930524
2000735	19900314
2000736	19910116
2000737	19890124
2000738	19850827
2000739	19890422
2000740	19831020
2000741	19810518
2000742	19840823
2000743	19821128
2000744	19890524
2000745	19840803
2000746	19901107
2000747	19800514
2000748	19871129
2000749	19800924
2000750	19920116
2000751	19911229
2000752	19830125
2000753	19871005
2000754	19791205
2000755	19910513
2000756	19840413
2000757	19860104
2000758	19940614
2000759	19830124
2000760	19911013
2000761	19850818
2000762	19870428
2000763	19870527
2000764	19850823
2000765	19740218
2000766	19920110
2000767	19840304
2000768	19900306
2000769	19850416
2000770	19810812
2000771	19781005
2000772	19890207
2000773	19831108
2000774	19820520
2000775	19870924
2000776	19880404
2000777	19910924
2000778	19901007
2000779	19870408
2000780	19850812
2000781	19880606
2000782	19781019
2000783	19861024
2000784	19820916
2000785	19881218
2000786	19910102
2000787	19810412
2000788	19840929
2000789	19850119
2000790	19870122
2000791	19930815
2000792	19880521
2000793	19910108
2000794	19920101
2000795	19801229
2000796	19771206
2000797	19900506
2000798	19840909
2000799	19831213
2000800	19921214
2000801	19870324
2000802	19770817
2000803	19841023
2000804	19830829
2000805	19930315
2000806	19860129
2000807	19790306
2000808	19910412
2000809	19851130
2000810	19780517
2000811	19820507
2000812	19820507
2000813	19850922
2000814	19880517
2000815	19780829
2000816	19860820
2000817	19920821
2000818	19910429
2000819	19910204
2000820	19821101
2000821	19870328
2000822	19920909
2000823	19910220
2000824	19910813
2000825	19931119
2000826	19920928
2000827	19870706
2000828	19930331
2000829	19801220
2000830	19930513
2000831	19840529
2000832	19921105
2000833	19890308
2000834	19791022
2000835	19850422
2000836	19871020
2000837	19790911
2000838	19860415
2000839	19920208
2000840	19880526
2000841	19931205
2000842	19791021
2000843	19841228
2000844	19910528
2000845	19920629
2000846	19820513
2000847	19890328
2000848	19881104
2000849	19820902
2000850	19931116
2000851	19860213
2000852	19800929
2000853	19821205
2000854	19920929
2000855	19791025
2000856	19781116
2000857	19880818
2000858	19920602
2000859	19880331
2000860	19930404
2000861	19921026
2000862	19941208
2000863	19920812
2000864	19931214
2000865	19810826
2000866	19840123
2000867	19880101
2000868	19931002
2000869	19850710
2000870	19920907
2000871	19891111
2000872	19930111
2000873	19910217
2000874	19880414
2000875	19921023
2000876	19821205
2000877	19841213
2000878	19870424
2000879	19870306
2000880	19901203
2000881	19910716
2000882	19890211
2000883	19910107
2000884	19920612
2000885	19891108
2000886	19870907
2000887	19860321
2000888	19941202
2000889	19891203
2000890	19890609
2000891	19860226
2000892	19860930
2000893	19820216
2000894	19850216
2000895	19910108
2000896	19890816
2000897	19871005
2000898	19910909
2000899	19930328
2000900	19890828
2000901	19850604
2000902	19940120
2000903	19861003
2000904	19880510
2000905	19950712
2000906	19930424
2000907	19880824
2000908	19870913
2000909	19851021
2000910	19830422
2000911	19900401
2000912	19870702
2000913	19890317
2000914	19840119
2000915	19930509
2000916	19860520
2000917	19910405
2000918	19831222
2000919	19850711
2000920	19870718
2000921	19890515
2000922	19901202
2000923	19951208
2000924	19910522
2000925	19831111
2000926	19860217
2000927	19880905
2000928	19861001
2000929	19810726
2000930	19850411
2000931	19830323
2000932	19821112
2000933	19940323
2000934	19850728
2000935	19870208
2000936	19790903
2000937	19890124
2000938	19840616
2000939	19861025
2000940	19881109
2000941	19901129
2000942	19810613
2000943	19900306
2000944	19811109
2000945	19811106
2000946	19840221
2000947	19860525
2000948	19860404
2000949	19770306
2000950	19900328
2000951	19770831
2000952	19850101
2000953	19890729
2000954	19870102
2000955	19841025
2000956	19861226
2000957	19851216
2000958	19860705
2000959	19840901
2000960	19890221
2000961	19800220
2000962	19920321
2000963	19920102
2000964	19860323
2000965	19910814
2000966	19890225
2000967	19841002
2000968	19850131
2000969	19900709
2000970	19890521
2000971	19860616
2000972	19921202
2000973	19760929
2000974	19900918
2000975	19890721
2000976	19850127
2000977	19870515
2000978	19931119
2000979	19840327
2000980	19861202
2000981	19890404
2000982	19930728
2000983	19821029
2000984	19810101
2000985	19870225
2000986	19860914
2000987	19931022
2000988	19950218
2000989	19890313
2000990	19810715
2000991	19840822
2000992	19870903
2000993	19860430
2000994	19811231
2000995	19941101
2000996	19821226
2000997	19900617
2000998	19920528
2000999	19930327
2001000	19930117
2001001	19880804
2001002	19900228
2001003	19910702
2001004	19911031
2001005	19870222
2001006	19820927
2001007	19830323
2001008	19871231
2001009	19831228
2001010	19940413
2001011	19900218
2001012	19901121
2001013	19871201
2001014	19950714
2001015	19830116
2001016	19911119
2001017	19930126
2001018	19950101
2001019	19941011
2001020	19850202
2001021	19930225
2001022	19911031
2001023	19880815
2001024	19970107
2001025	19940413
2001026	19931020
2001027	19860205
2001028	19931018
2001029	19921128
2001030	19940411
2001031	19900104
2001032	19801128
2001033	19860418
2001034	19951201
2001035	19930306
2001036	19840803
2001037	19871006
2001038	19850504
2001039	19801220
2001040	19890705
2001041	19881015
2001042	19880809
2001043	19920214
2001044	19820330
2001045	19810720
2001046	19851121
2001047	19881210
2001048	19891114
2001049	19870123
2001050	19810310
2001051	19900213
2001052	19890419
2001053	19870915
2001054	19950205
2001055	19880807
2001056	19880821
2001057	19890524
2001058	19870302
2001059	19880711
2001060	19940113
2001061	19850320
2001062	19850820
2001063	19880725
2001064	19850329
2001065	19900105
2001066	19901106
2001067	19910625
2001068	19920615
2001069	19840908
2001070	19930515
2001071	19840709
2001072	19950120
2001073	19940306
2001074	19940528
2001075	19930202
2001076	19891126
2001077	19870103
2001078	19890123
2001079	19920327
2001080	19790518
2001081	19891028
2001082	19881022
2001083	19910926
2001084	19910821
2001085	19891102
2001086	19920811
2001087	19910317
2001088	19871117
2001089	19860114
2001090	19850305
2001091	19930310
2001092	19890802
2001093	19870803
2001094	19941124
2001095	19920321
2001096	19810526
2001097	19841002
2001098	19870201
2001099	19840928
2001100	19920114
2001101	19890219
2001102	19900808
2001103	19840307
2001104	19910628
2001105	19940313
2001106	19820824
2001107	19850505
2001108	19890530
2001109	19860112
2001110	19870527
2001111	19921110
2001112	19941202
2001113	19820922
2001114	19880803
2001115	19830502
2001116	19920513
2001117	19850527
2001118	19850224
2001119	19920130
2001120	19940404
2001121	19860404
2001122	19900827
2001123	19920509
2001124	19870609
2001125	19890422
2001126	19890508
2001127	19891006
2001128	19851002
2001129	19820131
2001130	19801102
2001131	19860801
2001132	19930804
2001133	19880105
2001134	19930531
2001135	19881021
2001136	19880412
2001137	19880126
2001138	19890618
2001139	19800920
2001140	19921230
2001141	19910920
2001142	19820618
2001143	19950302
2001144	19891017
2001145	19930305
2001146	19920304
2001147	19830925
2001148	19861102
2001149	19880527
2001150	19830215
2001151	19931009
2001152	19910304
2001153	19950630
2001154	19820828
2001155	19920501
2001156	19960712
2001157	19850409
2001158	19950926
2001159	19880129
2001160	19881010
2001161	19900203
2001162	19920928
2001163	19861031
2001164	19830531
2001165	19890127
2001166	19860305
2001167	19940510
2001168	19870801
2001169	19860401
2001170	19880312
2001171	19930309
2001172	19830525
2001173	19940221
2001174	19910427
2001175	19950222
2001176	19930118
2001177	19900911
2001178	19930127
2001179	19950623
2001180	19921201
2001181	19970210
2001182	19950915
2001183	19920415
2001184	19910508
2001185	19930316
2001186	19930503
2001187	19950224
2001188	19950127
2001189	19930731
2001190	19841030
2001191	19861128
2001192	19850529
2001193	19951009
2001194	19900820
2001195	19930521
2001196	19960415
2001197	19950202
2001198	19941216
2001199	19941206
2001200	19861211
2001201	19940409
2001202	19950910
2001203	19930506
2001204	19970205
2001205	19881219
2001206	19881007
2001207	19870317
2001208	19901126
2001209	19890814
2001210	19830927
2001211	19900320
2001212	19840121
2001213	19891221
2001214	19900309
2001215	19950319
2001216	19910221
2001217	19900828
2001218	19900919
2001219	19800609
2001220	19921223
2001221	19890221
2001222	19891224
2001223	19890921
2001224	19960902
2001225	19890302
2001226	19920410
2001227	19910213
2001228	19880831
2001229	19940112
2001230	19930111
2001231	19850715
2001232	19880214
2001233	19900308
2001234	19890705
2001235	19881120
2001236	19880612
2001237	19870318
2001238	19800818
2001239	19930305
2001240	19940115
2001241	19890901
2001242	19890722
2001243	19870801
2001244	19870725
2001245	19920723
2001246	19850809
2001247	19940505
2001248	19910722
2001249	19791110
2001250	19910613
2001251	19891215
2001252	19820114
2001253	19860726
2001254	19881029
2001255	19860415
2001256	19870111
2001257	19920511
2001258	19921122
2001259	19850221
2001260	19930131
2001261	19860206
2001262	19930729
2001263	19881029
2001264	19920910
2001265	19940311
2001266	19920705
2001267	19891030
2001268	19900305
2001269	19830307
2001270	19950427
2001271	19891104
2001272	19890306
2001273	19880317
2001274	19940302
2001275	19900213
2001276	19960317
2001277	19861105
2001278	19900606
2001279	19850806
2001280	19891120
2001281	19810928
2001282	19860210
2001283	19951031
2001284	19941027
2001285	19951116
2001286	19890128
2001287	19881101
2001288	19920806
2001289	19871120
2001290	19870213
2001291	19900813
2001292	19900808
2001293	19880412
2001294	19920902
2001295	19850202
2001296	19940402
2001297	19921120
2001298	19920110
2001299	19920130
2001300	19891024
2001301	19910619
2001302	19880526
2001303	19881010
2001304	19890328
2001305	19910808
2001306	19911120
2001307	19950918
2001308	19921013
2001309	19960123
2001310	19960101
2001311	19921215
2001312	19900818
2001313	19920617
2001314	19810719
2001315	19891121
2001316	19940909
2001317	19850523
2001318	19920626
2001319	19900303
2001320	19850221
2001321	19951107
2001322	19930112
2001323	19940527
2001324	19920923
2001325	19930617
2001326	19890518
2001327	19950408
2001328	19920724
2001329	19960315
2001330	19930709
2001331	19950715
2001332	19910629
2001333	19960410
2001334	19960327
2001335	19880315
2001336	19940929
2001337	19961112
2001338	19970829
2001339	19971106
2001340	19960205
2001341	19930113
2001342	19980828
2001343	19960920
2001344	19941212
2001345	19951118
2001346	19960520
2001347	19870329
2001348	19910329
2001349	19910708
2001350	19860407
2001351	19940309
2001352	19880212
2001353	19960411
2001354	19900328
2001355	19880629
2001356	19890201
2001357	19910831
2001358	19890926
2001359	19951205
2001360	19880509
2001361	19930215
2001362	19911002
2001363	19910305
2001364	19850216
2001365	19900629
2001366	19901001
2001367	19901008
2001368	19920912
2001369	19950911
2001370	19870728
2001371	19940723
2001372	19910419
2001373	19940307
2001374	19940808
2001375	19910208
2001376	19891217
2001377	19890616
2001378	19930907
2001379	19971031
2001380	19840627
2001381	19891202
2001382	19901111
2001383	19860907
2001384	19890623
2001385	19910911
2001386	19970523
2001387	19880523
2001388	19921115
2001389	19930324
2001390	19911010
2001391	19870621
2001392	19890925
2001393	19851122
2001394	19891228
2001395	19850717
2001396	19941202
2001397	19980630
2001398	19960503
2001399	19960909
2001400	19840801
2001401	19970315
2001402	19950906
2001403	19860629
2001404	19880510
2001405	19920711
2001406	19940702
2001407	19941006
2001408	19861021
2001409	19930622
2001410	19960718
2001411	19871124
2001412	19871130
2001413	19910627
2001414	19920115
2001415	19960509
2001416	19980102
2001417	19970202
2001418	19940916
2001419	19930916
2001420	19880625
2001421	19920327
2001422	19970619
2001423	19960208
2001424	19920113
2001425	19950418
2001426	19961210
2001427	19890916
2001428	19890902
2001429	19931111
2001430	19860416
2001431	19880426
2001432	19990424
2001433	19870907
2001434	19870402
2001435	19860402
2001436	19900327
2001437	19930301
2001438	19980726
2001439	19961003
2001440	19920227
2001441	19920708
2001442	19890112
2001443	19880103
2001444	19900107
2001445	19840627
2001446	19950826
2001447	19930212
2001448	19911219
2001449	19901026
2001450	19900104
2001451	19940308
2001452	19870224
2001453	19940213
2001454	19960125
2001455	19860703
2001456	19950419
2001457	19981216
2001458	19870708
2001459	19870222
2001460	19960628
2001461	19970324
2001462	19950719
2001463	19920617
2001464	19930604
2001465	19930815
2001466	19890221
2001467	19870510
2001468	19880112
2001469	19971010
2001470	19930905
2001471	19870512
2001472	19900418
2001473	19951021
2001474	19941221
2001475	19940908
2001476	19990112
2001477	19930313
2001478	19930126
2001479	19970922
2001480	19951121
2001481	19971219
2001482	19870331
2001483	19871222
2001484	19970923
2001485	19970202
2001486	19871201
2001487	19870328
2001488	19960130
2001489	19920501
2001490	19900710
2001491	19980102
2001492	19900908
2001493	19970427
2001494	19811108
2001495	19930520
2001496	19900519
2001497	19871231
2001498	19960108
2001499	19880617
2001500	19950804
2001501	19960407
2001502	19950629
2001503	19980508
2001504	19870209
2001505	19870916
2001506	19971002
2001507	19960316
2001508	19960108
2001509	19970523
2001510	19951215
2001511	19970111
2001512	19970403
2001513	19811003
2001514	19920417
2001515	19961216
2001516	19940412
2001517	19931107
2001518	19910808
2001519	19901024
2001520	19960111
2001521	19881201
2001522	19940119
2001523	19850226
2001524	19950920
2001525	19920927
2001526	19910407
2001527	19870612
2001528	19961022
2001529	19890121
2001530	19880216
2001531	19830127
2001532	19920208
2001533	19890711
2001534	19930115
2001535	19890114
2001536	19950805
2001537	19940127
2001538	19960628
2001539	19880415
2001540	19970203
2001541	19941219
2001542	19930917
2001543	19940224
2001544	19961221
2001545	19880618
2001546	19851030
2001547	19900925
2001548	19870407
2001549	19971114
2001550	19940617
2001551	19910329
2001552	19890930
2001553	19910107
2001554	19861012
2001555	19891226
2001556	19961208
2001557	19861015
2001558	19901027
2001559	19880608
2001560	19911126
2001561	19960514
2001562	19921015
2001563	19950628
2001564	19950206
2001565	19830117
2001566	19920131
2001567	19970123
2001568	19910224
2001569	19930101
2001570	19900621
2001571	19900214
2001572	19970328
2001573	19910626
2001574	19971020
2001575	19960107
2001576	19921119
2001577	19920623
2001578	19910625
2001579	19830413
2001580	19851214
2001581	19860823
2001582	19940609
2001583	19890414
2001584	19960202
2001585	19880910
2001586	19931002
2001587	19930622
2001588	19940615
2001589	19920120
2001590	19900913
2001591	19890223
2001592	19921014
2001593	19990522
2001594	19971108
2001595	19911205
2001596	19871213
2001597	19960415
2001598	19850328
2001599	19970628
2001600	19970316
2001601	19930923
2001602	19950428
2001603	19900205
2001604	19950705
2001605	19951224
2001606	19890212
2001607	19960413
2001608	19981007
2001609	19920725
2001610	19950213
2001611	19991015
2001612	19970930
2001613	19961008
2001614	19951002
2001615	19920825
2001616	19960208
2001617	19971118
2001618	19971102
2001619	19980704
2001620	19970601
2001621	20000831
2001622	19971218
2001623	19960604
2001624	19990114
2001625	19961220
2001626	19990325
2001627	19980225
2001628	19990427
2001629	19940103
2001630	19971126
2001631	19890618
2001632	19921224
2001633	19970413
2001634	19961215
2001635	19900429
2001636	19951205
2001637	19940527
2001638	19910528
2001639	19991021
2001640	19910520
2001641	19911121
2001642	19940214
2001643	19901027
2001644	19910125
2001645	19960612
2001646	19850410
2001647	19921023
2001648	19930901
2001649	19920419
2001650	19890323
2001651	19930303
2001652	19930620
2001653	19910715
2001654	19940306
2001655	19940717
2001656	19940817
2001657	19900915
2001658	19880116
2001659	19960622
2001660	19970510
2001661	19910615
2001662	19900812
2001663	19890612
2001664	19940810
2001665	19940929
2001666	19910306
2001667	19910202
2001668	19930918
2001669	19910902
2001670	19910607
2001671	19950417
2001672	19930119
2001673	19920408
2001674	19890115
2001675	19900423
2001676	19801001
2001677	19930817
2001678	19960412
2001679	19940717
2001680	19931202
2001681	19940803
2001682	19910221
2001683	19920125
2001684	19920707
2001685	19900129
2001686	19910525
2001687	19910614
2001688	19920611
2001689	19940720
2001690	19870502
2001691	19880425
2001692	19881207
2001693	19890201
2001694	19910604
2001695	19950322
2001696	19890416
2001697	19920414
2001698	19940731
2001699	19990122
2001700	19920813
2001701	19960611
2001702	19951018
2001703	19970818
2001704	19870416
2001705	19920422
2001706	19991210
2001707	19930226
2001708	19970914
2001709	19921218
2001710	19890315
2001711	19890523
2001712	19910618
2001713	19910325
2001714	20001107
2001715	19860109
2001716	19971004
2001717	19950923
2001718	19890308
2001719	19850711
2001720	19961015
2001721	19960909
2001722	19961109
2001723	20000308
2001724	20000528
2001725	19971211
2001726	19961128
2001727	19950224
2001728	19890607
2001729	19971001
2001730	19880502
2001731	19970407
2001732	19980905
2001733	20000914
2001734	19860926
2001735	19970924
2001736	19920825
2001737	19931107
2001738	19930221
2001739	19920604
2001740	19980909
2001741	19991228
2001742	19990803
2001743	19890828
2001744	19990530
2001745	19990820
2001746	19970103
2001747	19900601
2001748	19950709
2001749	19971209
2001750	19960409
2001751	19991122
2001752	19981214
2001753	19961218
2001754	19890315
2001755	19930201
2001756	20000706
2001757	19900901
2001758	19930720
2001759	19931006
2001760	19911220
2001761	19930415
2001762	19961123
2001763	19850113
2001764	19970507
2001765	19910203
2001766	19990518
2001767	19910505
2001768	19920803
2001769	19860908
2001770	19910823
2001771	19950415
2001772	19941025
2001773	19931023
2001774	19900326
2001775	19980112
2001776	19950514
2001777	19961204
2001778	19871210
2001779	19970109
2001780	19911220
2001781	19920415
2001782	19970313
2001783	19971030
2001784	19940303
2001785	19970708
2001786	19941013
2001787	19880609
2001788	19921002
2001789	19921010
2001790	19940210
2001791	19950210
2001792	19870110
2001793	19900207
2001794	19960211
2001795	19940528
2001796	19891011
2001797	19910414
2001798	19951116
2001799	19890227
2001800	19880716
2001801	19920304
2001802	19940102
2001803	19990222
2001804	19930917
2001805	19930730
2001806	19940506
2001807	19990318
2001808	19871231
2001809	19960830
2001810	19941003
2001811	19880527
2001812	19920930
2001813	19920908
2001814	19940923
2001815	19930901
2001816	19910719
2001817	19990414
2001818	19861211
2001819	19930930
2001820	19940804
2001821	19880628
2001822	19920330
2001823	19930305
2001824	19970807
2001825	19950918
2001826	19931205
2001827	19971105
2001828	19880215
2001829	19931012
2001830	19920524
2001831	20011001
2001832	19991118
2001833	19920509
2001834	19960114
2001835	20000518
2001836	19970918
2001837	19990409
2001838	19930202
2001839	20000916
2001840	19980419
2001841	19930608
2001842	19960122
2001843	19940112
2001844	19930223
2001845	19931018
2001846	19950307
2001847	19930811
2001848	19920512
2001849	19950926
2001850	19960523
2001851	19940131
2001852	19891023
2001853	19840116
2001854	19990208
2001855	19881215
2001856	19920715
2001857	19930411
2001858	20000127
2001859	20000124
2001860	19940106
2001861	19950702
2001862	19960308
2001863	19940328
2001864	19920310
2001865	19970223
2001866	19970316
2001867	19981013
2001868	20010905
2001869	20001010
2001870	19980728
2001871	19960705
2001872	19940228
2001873	19991204
2001874	19910108
2001875	20030404
2001876	19910108
2001877	20010313
2001878	19981127
2001879	19970523
2001880	20000522
2001881	19981103
2001882	19930812
2001883	19900824
2001884	19950318
2001885	19991104
2001886	20010310
2001887	20000907
2001888	19940908
2001889	19970312
2001890	19940527
2001891	19980918
2001892	19950227
2001893	19960622
2001894	19940622
2001895	19961225
2001896	20010610
2001897	19950529
2001898	19941018
2001899	19990331
2001900	19930831
2001901	19921020
2001902	19940329
2001903	19920729
2001904	19990110
2001905	19991208
2001906	19941224
2001907	20000930
2001908	19960807
2001909	19910412
2001910	19980214
2001911	19871129
2001912	19980223
2001913	19950104
2001914	19930309
2001915	19970104
2001916	19980615
2001917	19950716
2001918	19950925
2001919	19961124
2001920	19941205
2001921	19970312
2001922	19980225
2001923	19951219
2001924	20000903
2001925	19961228
2001926	19940218
2001927	19910202
2001928	19980514
2001929	20010109
2001930	19980908
2001931	19960814
2001932	20000907
2001933	19960814
2001934	20020627
2001935	19970605
2001936	19920108
2001937	20010413
2001938	19980509
2001939	19960409
2001940	19971110
2001941	19971008
2001942	19940915
2001943	19930112
2001944	19941001
2001945	19980227
2001946	19960406
2001947	19860210
2001948	20000104
2001949	19941204
2001950	19950503
2001951	19900329
2001952	19970322
2001953	19930309
2001954	19930201
2001955	19951021
2001956	19921208
2001957	19960222
2001958	19940119
2001959	20000321
2001960	19971023
2001961	20010130
2001962	19980125
2001963	19930406
2001964	19960713
2001965	20000309
2001966	19980115
2001967	19860122
2001968	19921223
2001969	20010224
2001970	20010618
2001971	19940805
2001972	19940514
2001973	19980619
2001974	20000128
2001975	20000221
2001976	19840712
2001977	20011017
2001978	20010611
2001979	19920322
2001980	20000317
2001981	20000228
2001982	19980103
2001983	19940802
2001984	19970131
2001985	20000728
2001986	19990705
2001987	19910616
2001988	19951221
2001989	19980213
2001990	19910209
2001991	19981224
2001992	19960324
2001993	20010926
2001994	19910108
2001995	19950116
2001996	19990215
2001997	19890523
2001998	20011123
2001999	19990901
2002000	19970105
2002001	19980919
2002002	19981006
2002003	19990109
2002004	20011210
2002005	19981012
2002006	19880927
2002007	19940505
2002008	19900910
2002009	20010216
2002010	20010909
2002011	19930323
2002012	19920808
2002013	20010910
2002014	20020204
2002015	19891022
2002016	19981109
2002017	20010102
2002018	19920321
2002019	20020209
2002020	19960905
2002021	20010211
2002022	19991103
2002023	19970226
2002024	19850210
2002025	19900519
2002026	19970321
2002027	19961214
2002028	19910712
2002029	19951230
2002030	19971019
2002031	19910411
2002032	19861002
2002033	19981123
2002034	20001217
2002035	19951202
2002036	19921215
2002037	19940309
2002038	19961120
2002039	19960505
2002040	19920822
2002041	19910825
2002042	19970807
2002043	20020427
2002044	19970514
2002045	19840922
2002046	20000302
2002047	19930816
2002048	19931116
2002049	19910419
2002050	19880821
2002051	19920115
2002052	19970808
2002053	19991010
2002054	19951205
2002055	19980629
2002056	19960306
2002057	19990811
2002058	19960531
2002059	20020711
2002060	19910108
2002061	20000229
2002062	19930613
2002063	19930227
2002064	19930325
2002065	19970924
2002066	19971219
2002067	19981217
2002068	19961216
2002069	19930304
2002070	20000325
2002071	19900108
2002072	20010203
2002073	19930319
2002074	19951009
2002075	19911028
2002076	19870214
2002077	19990417
2002078	20000206
2002079	19920212
2002080	20020830
2002081	19990611
2002082	19971008
2002083	19971118
2002084	19950810
2002085	19960717
2002086	19971022
2002087	19920301
2002088	20010606
2002089	19950218
2002090	19961101
2002091	20000727
2002092	19900613
2002093	19910824
2002094	19990304
2002095	19970714
2002096	19970511
2002097	19911123
2002098	19890219
2002099	20030813
2002100	20020517
2002101	19931109
2002102	19940513
2002103	19981227
2002104	19950325
2002105	19950829
2002106	20020118
2002107	20010106
2002108	19970418
2002109	20020719
2002110	19970628
2002111	19990407
2002112	20010929
2002113	20000213
2002114	20001218
2002115	20000209
2002116	20001101
2002117	20031020
2002118	19990308
2002119	19940818
2002120	20010528
2002121	20040320
2002122	19991008
2002123	20000401
2002124	20030121
2002125	19980405
2002126	19980217
2002127	19990622
2002128	19911102
2002129	19961213
2002130	19950402
2002131	19920719
2002132	20020116
2002133	19990205
2002134	19991231
2002135	19980331
2002136	20000306
2002137	19990918
2002138	20040202
2002139	20040324
2002140	20021106
2002141	20020428
2002142	20020208
2002143	19990806
2002144	20030217
2002145	20030207
2002146	20010704
2002147	19960512
2002148	19991205
2002149	20030208
2002150	19990109
2002151	20000716
2002152	19961029
2002153	20011221
2002154	20011225
1000000	19880224
1000001	19830428
1000002	19910917
1000003	19800311
1000004	19840827
1000005	19840823
1000006	19810210
1000007	19870714
1000008	19841005
1000009	19820306
1000010	19851112
1000011	19850524
1000012	19890123
1000013	19841104
1000014	19920221
1000015	19810130
1000016	19850131
1000017	19771019
1000018	19930321
1000019	19850108
1000020	19850227
1000021	19760304
1000022	19741116
1000023	19721006
1000024	19790218
1000025	19850214
1000026	19871004
1000027	19840226
1000028	19840909
1000029	19720615
1000030	19841208
1000031	19810620
1000032	19911120
1000033	19860104
1000034	19910621
1000035	19770308
1000036	19890926
1000037	19760801
1000038	19880105
1000039	19850805
1000040	19790221
1000041	19850726
1000042	19840304
1000043	19891024
1000044	19811215
1000045	19891116
1000046	19870306
1000047	19870927
1000048	19890812
1000049	19770804
1000050	19750905
1000051	19910329
1000052	19820824
1000053	19840126
1000054	19910616
1000055	19800902
1000056	19810219
1000057	19880326
1000058	19821214
1000059	19791218
1000060	19891010
1000061	19861013
1000062	19841212
1000063	19910814
1000064	19891118
1000065	19890407
1000066	19811230
1000067	19790825
1000068	19810120
1000069	19870601
1000070	19870419
1000071	19831115
1000072	19900427
1000073	19830906
1000074	19860516
1000075	19770201
1000076	19840108
1000077	19801220
1000078	19860124
1000079	19831012
1000080	19811108
1000081	19800806
1000082	19830823
1000083	19881002
1000084	19901125
1000085	19900320
1000086	19790115
1000087	19891114
1000088	19870109
1000089	19900818
1000090	19840422
1000091	19790705
1000092	19820831
1000093	19810908
1000094	19901121
1000095	19910131
1000096	19910822
1000097	19790327
1000098	19770318
1000099	19840301
1000100	19810502
1000101	19920417
1000102	19780615
1000103	19770103
1000104	19901128
1000105	19790924
1000106	19810721
1000107	19800805
1000108	19831109
1000109	19790418
1000110	19900921
1000111	19820108
1000112	19850804
1000113	19770809
1000114	19790403
1000115	19890325
1000116	19841215
1000117	19820617
1000118	19891122
1000119	19711010
1000120	19870101
1000121	19891106
1000122	19830531
1000123	19880413
1000124	19860511
1000125	19830502
1000126	19870614
1000127	19770210
1000128	19821201
1000129	19910303
1000130	19900617
1000131	19870124
1000132	19821126
1000133	19780111
1000134	19810220
1000135	19920115
1000136	19801012
1000137	19780613
1000138	19810502
1000139	19800121
1000140	19890625
1000141	19860205
1000142	19910830
1000143	19910513
1000144	19790911
1000145	19730725
1000146	19910410
1000147	19820317
1000148	19781208
1000149	19880305
1000150	19910308
1000151	19800106
1000152	19720229
1000153	19820816
1000154	19800613
1000155	19880108
1000156	19811010
1000157	19911202
1000158	19821109
1000159	19890401
1000160	19860528
1000161	19820518
1000162	19910306
1000163	19770125
1000164	19880806
1000165	19791013
1000166	19870909
1000167	19810122
1000168	19911113
1000169	19900829
1000170	19830806
1000171	19800522
1000172	19871024
1000173	19800913
1000174	19920823
1000175	19760612
1000176	19860301
1000177	19830801
1000178	19790314
1000179	19880423
1000180	19810529
1000181	19841124
1000182	19801126
1000183	19780128
1000184	19840707
1000185	19810115
1000186	19871216
1000187	19771216
1000188	19701029
1000189	19781229
1000190	19751021
1000191	19881227
1000192	19900605
1000193	19850801
1000194	19910202
1000195	19800129
1000196	19800502
1000197	19860410
1000198	19810515
1000199	19790925
1000200	19791127
1000201	19840813
1000202	19750725
1000203	19911025
1000204	19910926
1000205	19810130
1000206	19880302
1000207	19910309
1000208	19821019
1000209	19900709
1000210	19901226
1000211	19820729
1000212	19770519
1000213	19860506
1000214	19840131
1000215	19750414
1000216	19860122
1000217	19881215
1000218	19861117
1000219	19730913
1000220	19870626
1000221	19771018
1000222	19920425
1000223	19781023
1000224	19781107
1000225	19841116
1000226	19851219
1000227	19791206
1000228	19851114
1000229	19890301
1000230	19811021
1000231	19760623
1000232	19780226
1000233	19770312
1000234	19810719
1000235	19900524
1000236	19921202
1000237	19891126
1000238	19870819
1000239	19900128
1000240	19880922
1000241	19871122
1000242	19850218
1000243	19760906
1000244	19801130
1000245	19840324
1000246	19881014
1000247	19821122
1000248	19861219
1000249	19910513
1000250	19870118
1000251	19840722
1000252	19861228
1000253	19850612
1000254	19830918
1000255	19790306
1000256	19740711
1000257	19760619
1000258	19791108
1000259	19790625
1000260	19910215
1000261	19730906
1000262	19920421
1000263	19910131
1000264	19900102
1000265	19880530
1000266	19820320
1000267	19800722
1000268	19800201
1000269	19910105
1000270	19901107
1000271	19840514
1000272	19780518
1000273	19781003
1000274	19861001
1000275	19840608
1000276	19880624
1000277	19880801
1000278	19870721
1000279	19780110
1000280	19771112
1000281	19901112
1000282	19861007
1000283	19771110
1000284	19770121
1000285	19720531
1000286	19750218
1000287	19910120
1000288	19820412
1000289	19800912
1000290	19870913
1000291	19740918
1000292	19830727
1000293	19891021
1000294	19730709
1000295	19911219
1000296	19891029
1000297	19890316
1000298	19820109
1000299	19910408
1000300	19850920
1000301	19830728
1000302	19840228
1000303	19781107
1000304	19780202
1000305	19840320
1000306	19830502
1000307	19760424
1000308	19841211
1000309	19820225
1000310	19890716
1000311	19760926
1000312	19850628
1000313	19780111
1000314	19780311
1000315	19920101
1000316	19900527
1000317	19790302
1000318	19840818
1000319	19841130
1000320	19910501
1000321	19770616
1000322	19810801
1000323	19790723
1000324	19890803
1000325	19780620
1000326	19901012
1000327	19850606
1000328	19811214
1000329	19880702
1000330	19870214
1000331	19910219
1000332	19841217
1000333	19850315
1000334	19770326
1000335	19841021
1000336	19811011
1000337	19820415
1000338	19910425
1000339	19840721
1000340	19810429
1000341	19881104
1000342	19830414
1000343	19860106
1000344	19830218
1000345	19881008
1000346	19910511
1000347	19790905
1000348	19791014
1000349	19870508
1000350	19810823
1000351	19911106
1000352	19850502
1000353	19790629
1000354	19760829
1000355	19780128
1000356	19850820
1000357	19811212
1000358	19850709
1000359	19790302
1000360	19811228
1000361	19910630
1000362	19890901
1000363	19860820
1000364	19791127
1000365	19740412
1000366	19841101
1000367	19911008
1000368	19870326
1000369	19821026
1000370	19740211
1000371	19830403
1000372	19810223
1000373	19880720
1000374	19760103
1000375	19860709
1000376	19840201
1000377	19781224
1000378	19791227
1000379	19790921
1000380	19781229
1000381	19851119
1000382	19901209
1000383	19860822
1000384	19840222
1000385	19820225
1000386	19890107
1000387	19860608
1000388	19860329
1000389	19800918
1000390	19910711
1000391	19870416
1000392	19820816
1000393	19891225
1000394	19880218
1000395	19791023
1000396	19910220
1000397	19790920
1000398	19781020
1000399	19831118
1000400	19840122
1000401	19830621
1000402	19890910
1000403	19780125
1000404	19930901
1000405	19791015
1000406	19761104
1000407	19920415
1000408	19810820
1000409	19821129
1000410	19900304
1000411	19890529
1000412	19860217
1000413	19880810
1000414	19740228
1000415	19860925
1000416	19880305
1000417	19830507
1000418	19820515
1000419	19890206
1000420	19910805
1000421	19891130
1000422	19840113
1000423	19820112
1000424	19840806
1000425	19811127
1000426	19900407
1000427	19801128
1000428	19801207
1000429	19810430
1000430	19810728
1000431	19840205
1000432	19860529
1000433	19761103
1000434	19921010
1000435	19710518
1000436	19791031
1000437	19920207
1000438	19780227
1000439	19850419
1000440	19870620
1000441	19860203
1000442	19820618
1000443	19900808
1000444	19830604
1000445	19900930
1000446	19830225
1000447	19860827
1000448	19780801
1000449	19750419
1000450	19790920
1000451	19820817
1000452	19700801
1000453	19841130
1000454	19881128
1000455	19770827
1000456	19821007
1000457	19830215
1000458	19760706
1000459	19781214
1000460	19850725
1000461	19890729
1000462	19810102
1000463	19910311
1000464	19851108
1000465	19751022
1000466	19830223
1000467	19820326
1000468	19830430
1000469	19890226
1000470	19870422
1000471	19890809
1000472	19800630
1000473	19880517
1000474	19880321
1000475	19820520
1000476	19870504
1000477	19920101
1000478	19870817
1000479	19800122
1000480	19840514
1000481	19811025
1000482	19830306
1000483	19781014
1000484	19890329
1000485	19830503
1000486	19790808
1000487	19770817
1000488	19850223
1000489	19920418
1000490	19820331
1000491	19800505
1000492	19880116
1000493	19810904
1000494	19790713
1000495	19760620
1000496	19781214
1000497	19830110
1000498	19810527
1000499	19860131
1000500	19790222
1000501	19810319
1000502	19860522
1000503	19850315
1000504	19830218
1000505	19750608
1000506	19860814
1000507	19910202
1000508	19801004
1000509	19891121
1000510	19880216
1000511	19830309
1000512	19880725
1000513	19851024
1000514	19900702
1000515	19891123
1000516	19860104
1000517	19850909
1000518	19801125
1000519	19900915
1000520	19870618
1000521	19901212
1000522	19861112
1000523	19791214
1000524	19810517
1000525	19860415
1000526	19810615
1000527	19800906
1000528	19850709
1000529	19850116
1000530	19830401
1000531	19790719
1000532	19810116
1000533	19891008
1000534	19850104
1000535	19800919
1000536	19861125
1000537	19780925
1000538	19800111
1000539	19860501
1000540	19780813
1000541	19910901
1000542	19840206
1000543	19821203
1000544	19810814
1000545	19820608
1000546	19900730
1000547	19830214
1000548	19830601
1000549	19880103
1000550	19810515
1000551	19780808
1000552	19840328
1000553	19911107
1000554	19870124
1000555	19880406
1000556	19920514
1000557	19840729
1000558	19900520
1000559	19801013
1000560	19820719
1000561	19850307
1000562	19760815
1000563	19830820
1000564	19890212
1000565	19810225
1000566	19850920
1000567	19800530
1000568	19840309
1000569	19890926
1000570	19871025
1000571	19710108
1000572	19731129
1000573	19850418
1000574	19900915
1000575	19900709
1000576	19790924
1000577	19821211
1000578	19830115
1000579	19810329
1000580	19870510
1000581	19820116
1000582	19810816
1000583	19790118
1000584	19911116
1000585	19760420
1000586	19811009
1000587	19810208
1000588	19810215
1000589	19821231
1000590	19900201
1000591	19880504
1000592	19780915
1000593	19941212
1000594	19840110
1000595	19800118
1000596	19790102
1000597	19901216
1000598	19791005
1000599	19851210
1000600	19860414
1000601	19930804
1000602	19800525
1000603	19871213
1000604	19890812
1000605	19921018
1000606	19930225
1000607	19910908
1000608	19750418
1000609	19910119
1000610	19890805
1000611	19811003
1000612	19860919
1000613	19910501
1000614	19820730
1000615	19920116
1000616	19920617
1000617	19820122
1000618	19870505
1000619	19880903
1000620	19911216
1000621	19881011
1000622	19871105
1000623	19851122
1000624	19920501
1000625	19811012
1000626	19900410
1000627	19911026
1000628	19920115
1000629	19901002
1000630	19870731
1000631	19870428
1000632	19810622
1000633	19860902
1000634	19900917
1000635	19880125
1000636	19830407
1000637	19920114
1000638	19910703
1000639	19920906
1000640	19910712
1000641	19850829
1000642	19900615
1000643	19911011
1000644	19761110
1000645	19750314
1000646	19910409
1000647	19850525
1000648	19910423
1000649	19930101
1000650	19860317
1000651	19881106
1000652	19910322
1000653	19870422
1000654	19920114
1000655	19790525
1000656	19870320
1000657	19841214
1000658	19930306
1000659	19891012
1000660	19911211
1000661	19870305
1000662	19910930
1000663	19860108
1000664	19910908
1000665	19890404
1000666	19900812
1000667	19860131
1000668	19930704
1000669	19880404
1000670	19810702
1000671	0
1000672	19921212
1000673	19920601
1000674	19761018
1000675	19930716
1000676	19921008
1000677	19811112
1000678	19940111
1000679	19691110
1000680	19860525
1000681	19930202
1000682	19840306
1000683	19880601
1000684	19881128
1000685	19931205
1000686	19880805
1000687	19870621
1000688	19870909
1000689	19820902
1000690	19900207
1000691	19810803
1000692	19811103
1000693	19860123
1000694	19831130
1000695	19821016
1000696	0
1000697	19910428
1000698	19881117
1000699	19840413
1000700	19821205
1000701	19870125
1000702	19840827
1000703	19870716
1000704	19880615
1000705	19820405
1000706	19810501
1000707	19910115
1000708	19840601
1000709	19770206
1000710	19811119
1000711	19921122
1000712	19830115
1000713	19810418
1000714	19910813
1000715	19900314
1000716	19810424
1000717	19880129
1000718	19890106
1000719	19850903
1000720	19910306
1000721	19800129
1000722	19910128
1000723	19901210
1000724	19921217
1000725	19900712
1000726	19831209
1000727	19870307
1000728	19820604
1000729	19900806
1000730	19850928
1000731	19930622
1000732	19800708
1000733	19890918
1000734	19881125
1000735	19830126
1000736	19921002
1000737	19920321
1000738	19920325
1000739	19930331
1000740	19830529
1000741	19870106
1000742	19921025
1000743	19920131
1000744	19901029
1000745	19880612
1000746	19731029
1000747	19910313
1000748	19701010
1000749	19800811
1000750	19840618
1000751	19910323
1000752	19911205
1000753	19800402
1000754	19920928
1000755	19920130
1000756	19920220
1000757	19901228
1000758	19911210
1000759	19871017
1000760	19900820
1000761	19790108
1000762	19930315
1000763	19870225
1000764	19800228
1000765	19820928
1000766	19830218
1000767	19931214
1000768	19920108
1000769	19941208
1000770	19870124
1000771	19840205
1000772	19861106
1000773	19890315
1000774	19880825
1000775	19920812
1000776	19871007
1000777	19820624
1000778	19841028
1000779	19900929
1000780	19900706
1000781	19910412
1000782	19910924
1000783	19920325
1000784	19920415
1000785	19900506
1000786	19860626
1000787	19870324
1000788	19920821
1000789	19911228
1000790	19921128
1000791	19810521
1000792	19851110
1000793	19830614
1000794	19850910
1000795	19900418
1000796	19831109
1000797	19911031
1000798	19911102
1000799	19850821
1000800	19891127
1000801	19920114
1000802	19930301
1000803	19830518
1000804	19950127
1000805	19891029
1000806	19870418
1000807	19910411
1000808	19830705
1000809	19830317
1000810	19921111
1000811	19910302
1000812	19940306
1000813	19900528
1000814	19880403
1000815	19830920
1000816	19840819
1000817	19860123
1000818	19810604
1000819	19900108
1000820	19810715
1000821	19870325
1000822	19830310
1000823	19830329
1000824	19840601
1000825	19920227
1000826	19801006
1000827	19810310
1000828	19880703
1000829	19901126
1000830	19870214
1000831	19931029
1000832	19830323
1000833	19881030
1000834	19870104
1000835	19880306
1000836	19920317
1000837	19831108
1000838	19911227
1000839	19930104
1000840	19860621
1000841	19940308
1000842	19801028
1000843	19860710
1000844	19930509
1000845	19920121
1000846	19830407
1000847	19920120
1000848	19830513
1000849	19900720
1000850	19921230
1000851	19920806
1000852	19880602
1000853	19800925
1000854	19900301
1000855	19830211
1000856	19860820
1000857	19861230
1000858	19911128
1000859	19900314
1000860	19810812
1000861	19901007
1000862	19850603
1000863	19900306
1000864	19900109
1000865	19830308
1000866	19940122
1000867	19821028
1000868	19931027
1000869	19840123
1000870	19920915
1000871	19791022
1000872	19920218
1000873	19840529
1000874	19820513
1000875	19911203
1000876	19891111
1000877	19900701
1000878	19820505
1000879	19930326
1000880	19921120
1000881	19890511
1000882	19870408
1000883	19880105
1000884	19881006
1000885	19820507
1000886	19851130
1000887	19891201
1000888	19780829
1000889	19820916
1000890	19931002
1000891	19931013
1000892	19921023
1000893	19931116
1000894	19870706
1000895	19931112
1000896	19920116
1000897	19900506
1000898	19900521
1000899	19830401
1000900	19871129
1000901	19930921
1000902	19770822
1000903	19831213
1000904	19931119
1000905	19790306
1000906	19901230
1000907	19901107
1000908	19810402
1000909	19860114
1000910	19820507
1000911	19870428
1000912	19881218
1000913	19921215
1000914	19860213
1000915	19820320
1000916	19830829
1000917	19940614
1000918	19920110
1000919	19920909
1000920	19930301
1000921	19921020
1000922	19911205
1000923	19801229
1000924	19930325
1000925	19870324
1000926	19841228
1000927	19870122
1000928	19900210
1000929	19860430
1000930	19820319
1000931	19910902
1000932	19940120
1000933	19830507
1000934	19781019
1000935	19871020
1000936	19920629
1000937	19921122
1000938	19880101
1000939	19890308
1000940	19880606
1000941	19771206
1000942	19880818
1000943	19920925
1000944	19930404
1000945	19911229
1000946	19930305
1000947	19810412
1000948	19880521
1000949	19820520
1000950	19940106
1000951	19831108
1000952	19870527
1000953	19790911
1000954	19810518
1000955	19890124
1000956	19740218
1000957	19930728
1000958	19920602
1000959	19930513
1000960	19910204
1000961	19850922
1000962	19930729
1000963	19830124
1000964	19920719
1000965	19881117
1000966	19860809
1000967	19910102
1000968	19930622
1000969	19910108
1000970	19890524
1000971	19930111
1000972	19930111
1000973	19930430
1000974	19850119
1000975	19910415
1000976	19791025
1000977	19850416
1000978	19850422
1000979	19921219
1000980	19930503
1000981	19860104
1000982	19780517
1000983	19860415
1000984	19930308
1000985	19880428
1000986	19820902
1000987	19890214
1000988	19841023
1000989	19890207
1000990	19890328
1000991	19921026
1000992	19910612
1000993	19791205
1000994	19880517
1000995	19840304
1000996	19930331
1000997	19781005
1000998	19850812
1000999	19871005
1001000	19920309
1001001	19890422
1001002	19910924
1001003	19840803
1001004	19880526
1001005	19791021
1001006	19840823
1001007	19890908
1001008	19900330
1001009	19870328
1001010	19901114
1001011	19950910
1001012	19800514
1001013	19910412
1001014	19840929
1001015	19821101
1001016	19930815
1001017	19920923
1001018	19930117
1001019	19920318
1001020	19920907
1001021	19850827
1001022	19850823
1001023	19870201
1001024	19800924
1001025	19850710
1001026	19910323
1001027	19920208
1001028	19910429
1001029	19910131
1001030	19911031
1001031	19930420
1001032	19910528
1001033	19930518
1001034	19801220
1001035	19781116
1001036	19911013
1001037	19921105
1001038	19830125
1001039	19921214
1001040	19880414
1001041	19940110
1001042	19930119
1001043	19850407
1001044	19920929
1001045	19950218
1001046	19910217
1001047	19900228
1001048	19930106
1001049	19951009
1001050	19900328
1001051	19920923
1001052	19941124
1001053	19880714
1001054	19850107
1001055	19930801
1001056	19910116
1001057	19930617
1001058	19890827
1001059	19900709
1001060	19930907
1001061	19831020
1001062	19850818
1001063	19901203
1001064	19920113
1001065	19861024
1001066	19950120
1001067	19881217
1001068	19950805
1001069	19850202
1001070	19870306
1001071	19860705
1001072	19810613
1001073	19920524
1001074	19931022
1001075	19900711
1001076	19940504
1001077	19930412
1001078	19960410
1001079	19920513
1001080	19890404
1001081	19800220
1001082	19860129
1001083	19881210
1001084	19940315
1001085	19910301
1001086	19880815
1001087	19910405
1001088	19931209
1001089	19910702
1001090	19940413
1001091	19920118
1001092	19890828
1001093	19930309
1001094	19970107
1001095	19940527
1001096	19921001
1001097	19930327
1001098	19930521
1001099	19810726
1001100	19930918
1001101	19931117
1001102	19920203
1001103	19930118
1001104	19900610
1001105	19890211
1001106	19920512
1001107	19840327
1001108	19941011
1001109	19900918
1001110	19830422
1001111	19920102
1001112	19870903
1001113	19830323
1001114	19831222
1001115	19790903
1001116	19910328
1001117	19941102
1001118	19920612
1001119	19850127
1001120	19860616
1001121	19860323
1001122	19921203
1001123	19861025
1001124	19850711
1001125	19840822
1001126	19930126
1001127	19950101
1001128	19811106
1001129	19860930
1001130	19950714
1001131	19930323
1001132	19851216
1001133	19861003
1001134	19890313
1001135	19890317
1001136	19810101
1001137	19890221
1001138	19770306
1001139	19840119
1001140	19910522
1001141	19890225
1001142	19920912
1001143	19921224
1001144	19880804
1001145	19941213
1001146	19920528
1001147	19951208
1001148	19860525
1001149	19821226
1001150	19930101
1001151	19870702
1001152	19920902
1001153	19941101
1001154	19850604
1001155	19900306
1001156	19890124
1001157	19831228
1001158	19910113
1001159	19930424
1001160	19940128
1001161	19850131
1001162	19930112
1001163	19841025
1001164	19940125
1001165	19901121
1001166	19811231
1001167	19830116
1001168	19841002
1001169	19811109
1001170	19940228
1001171	19860226
1001172	19840221
1001173	19931229
1001174	19841213
1001175	19860914
1001176	19930601
1001177	19831111
1001178	19891108
1001179	19760929
1001180	19850101
1001181	19871201
1001182	19940607
1001183	19950205
1001184	19890721
1001185	19921202
1001186	19891203
1001187	19940413
1001188	19940323
1001189	19930328
1001190	19950701
1001191	19880510
1001192	19871231
1001193	19950712
1001194	19870913
1001195	19870225
1001196	19850728
1001197	19880216
1001198	19870208
1001199	19930604
1001200	19830422
1001201	19940930
1001202	19921025
1001203	19870515
1001204	19901202
1001205	19910302
1001206	19820216
1001207	19861202
1001208	19941216
1001209	19860404
1001210	19950330
1001211	19900228
1001212	19870222
1001213	19900617
1001214	19930903
1001215	19770831
1001216	19910107
1001217	19950319
1001218	19900401
1001219	19840616
1001220	19940802
1001221	19930506
1001222	19860321
1001223	19870102
1001224	19821112
1001225	19930524
1001226	19851021
1001227	19880502
1001228	19871201
1001229	19930403
1001230	19871005
1001231	19821029
1001232	19830323
1001233	19931208
1001234	19900912
1001235	19941129
1001236	19861226
1001237	19940117
1001238	19960920
1001239	19920903
1001240	19920809
1001241	19890816
1001242	19930818
1001243	19940222
1001244	19921016
1001245	19890521
1001246	19930225
1001247	19910909
1001248	19940516
1001249	19920610
1001250	19890609
1001251	19910716
1001252	19950102
1001253	19870907
1001254	19771105
1001255	19890515
1001256	19870718
1001257	19940525
1001258	19931121
1001259	19940421
1001260	19951228
1001261	19860520
1001262	19900218
1001263	19850411
1001264	19930422
1001265	19921219
1001266	19880824
1001267	19900213
1001268	19941101
1001269	19910108
1001270	19820927
1001271	19870424
1001272	19940127
1001273	19881109
1001274	19940617
1001275	19850216
1001276	19940528
1001277	19941102
1001278	19901129
1001279	19940401
1001280	19931119
1001281	19931206
1001282	19920513
1001283	19940101
1001284	19941101
1001285	19870103
1001286	19900911
1001287	19950411
1001288	19780310
1001289	19950307
1001290	19890524
1001291	19890618
1001292	19890802
1001293	19890219
1001294	19830502
1001295	19910427
1001296	19850820
1001297	19881210
1001298	19820618
1001299	19940623
1001300	19891114
1001301	19850504
1001302	19940528
1001303	19850320
1001304	19930122
1001305	19850329
1001306	19851002
1001307	19870915
1001308	19840307
1001309	19920512
1001310	19910317
1001311	19890508
1001312	19960509
1001313	19930608
1001314	19950322
1001315	19941206
1001316	19860305
1001317	19900827
1001318	19931129
1001319	19861102
1001320	19970210
1001321	19870801
1001322	19890419
1001323	19840928
1001324	19950510
1001325	19950205
1001326	19910508
1001327	19950915
1001328	19930305
1001329	19940709
1001330	19960902
1001331	19920509
1001332	19940404
1001333	19940716
1001334	19810720
1001335	19870924
1001336	19951007
1001337	19920321
1001338	19930321
1001339	19860114
1001340	19950302
1001341	19930310
1001342	19920327
1001343	19950224
1001344	19940910
1001345	19950225
1001346	19901017
1001347	19960712
1001348	19801220
1001349	19910821
1001350	19950425
1001351	19950802
1001352	19891126
1001353	19830215
1001354	19940605
1001355	19930216
1001356	19891102
1001357	19830925
1001358	19890705
1001359	19940313
1001360	19940510
1001361	19880126
1001362	19850505
1001363	19810715
1001364	19870527
1001365	19880711
1001366	19930306
1001367	19931124
1001368	19930515
1001369	19820824
1001370	19801102
1001371	19921128
1001372	19820330
1001373	19940413
1001374	19931103
1001375	19810911
1001376	19880807
1001377	19930127
1001378	19860801
1001379	19941231
1001380	19850305
1001381	19960503
1001382	19951208
1001383	19950418
1001384	19921023
1001385	19901126
1001386	19910926
1001387	19950302
1001388	19951202
1001389	19901106
1001390	19931211
1001391	19891006
1001392	19951011
1001393	19850409
1001394	19840908
1001395	19910513
1001396	19931023
1001397	19871117
1001398	19910920
1001399	19940221
1001400	19930427
1001401	19841002
1001402	19960415
1001403	19890422
1001404	19861128
1001405	19860401
1001406	19850529
1001407	19950907
1001408	19891028
1001409	19800920
1001410	19890530
1001411	19850224
1001412	19910304
1001413	19951107
1001414	19830531
1001415	19930731
1001416	19840803
1001417	19950509
1001418	19880527
1001419	19920214
1001420	19951201
1001421	19900203
1001422	19880809
1001423	19920304
1001424	19960214
1001425	19920811
1001426	19950630
1001427	19940904
1001428	19860404
1001429	19820131
1001430	19820828
1001431	19930118
1001432	19810310
1001433	19950127
1001434	19851121
1001435	19960202
1001436	19941202
1001437	19941224
1001438	19940113
1001439	19870123
1001440	19970819
1001441	19970427
1001442	19950206
1001443	19870803
1001444	19950630
1001445	19950107
1001446	19900520
1001447	19880821
1001448	19871006
1001449	19881015
1001450	19900105
1001451	19870609
1001452	19970205
1001453	19950202
1001454	19951002
1001455	19940409
1001456	19950818
1001457	19921110
1001458	19970126
1001459	19861031
1001460	19860703
1001461	19921201
1001462	19881021
1001463	19880312
1001464	19850527
1001465	19790518
1001466	19890127
1001467	19930324
1001468	19950926
1001469	19880803
1001470	19941121
1001471	19880725
1001472	19951216
1001473	19840709
1001474	19820922
1001475	19960427
1001476	19951116
1001477	19940815
1001478	19851201
1001479	19970324
1001480	19941030
1001481	19920501
1001482	19880412
1001483	19920615
1001484	19900213
1001485	19950623
1001486	19931109
1001487	19910625
1001488	19950219
1001489	19950222
1001490	19950918
1001491	19920705
1001492	19890302
1001493	19951003
1001494	19880412
1001495	19970328
1001496	19880317
1001497	19920910
1001498	19950406
1001499	19890814
1001500	19951031
1001501	19880214
1001502	19881007
1001503	19940115
1001504	19940402
1001505	19960108
1001506	19900309
1001507	19881101
1001508	19960101
1001509	19901126
1001510	19960317
1001511	19891024
1001512	19920724
1001513	19940909
1001514	19950409
1001515	19970103
1001516	19920110
1001517	19900828
1001518	19890705
1001519	19881029
1001520	19971010
1001521	19900305
1001522	19930729
1001523	19951118
1001524	19951024
1001525	19960602
1001526	19941119
1001527	19960315
1001528	19890328
1001529	19920511
1001530	19960211
1001531	19950503
1001532	19920130
1001533	19970817
1001534	19891121
1001535	19951028
1001536	19931110
1001537	19941114
1001538	19921013
1001539	19930420
1001540	19891215
1001541	19891030
1001542	19980828
1001543	19850806
1001544	19880526
1001545	19940929
1001546	19870213
1001547	19810928
1001548	19960720
1001549	19970315
1001550	19900808
1001551	19960116
1001552	19960327
1001553	19951225
1001554	19980726
1001555	19960407
1001556	19910629
1001557	19860210
1001558	19870317
1001559	19900308
1001560	19881022
1001561	19960126
1001562	19800818
1001563	19940218
1001564	19881029
1001565	19940908
1001566	19941222
1001567	19921005
1001568	19970306
1001569	19961112
1001570	19960413
1001571	19950715
1001572	19890221
1001573	19850221
1001574	19950508
1001575	19900919
1001576	19940909
1001577	19940112
1001578	19940330
1001579	19910221
1001580	19970829
1001581	19920410
1001582	19911120
1001583	19881010
1001584	19890128
1001585	19920723
1001586	19870725
1001587	19850809
1001588	19910314
1001589	19930709
1001590	19830307
1001591	19891104
1001592	19860726
1001593	19920617
1001594	19921122
1001595	19910213
1001596	19871120
1001597	19940505
1001598	19891221
1001599	19960520
1001600	19910619
1001601	19950605
1001602	19880612
1001603	19940224
1001604	19971106
1001605	19960202
1001606	19910808
1001607	19810719
1001608	19870318
1001609	19791110
1001610	19870111
1001611	19891120
1001612	19940302
1001613	19910613
1001614	19910722
1001615	19860415
1001616	19970123
1001617	19900303
1001618	19990112
1001619	19940311
1001620	19820114
1001621	19941027
1001622	19960909
1001623	19921123
1001624	19890722
1001625	19900320
1001626	19950902
1001627	19850523
1001628	19950911
1001629	19961021
1001630	19970914
1001631	19970619
1001632	19950131
1001633	19950427
1001634	19950324
1001635	19900606
1001636	19951221
1001637	19800609
1001638	19940308
1001639	19960205
1001640	19930707
1001641	19890921
1001642	19960123
1001643	19860418
1001644	19900813
1001645	19880831
1001646	19981216
1001647	19891224
1001648	19860206
1001649	19881219
1001650	19960608
1001651	19960414
1001652	19951121
1001653	19960810
1001654	19921223
1001655	19961208
1001656	19890901
1001657	19970705
1001658	19850715
1001659	19840121
1001660	19950709
1001661	19881120
1001662	19930119
1001663	19861105
1001664	19960205
1001665	19931009
1001666	19940307
1001667	19870801
1001668	19830927
1001669	19890306
1001670	19930113
1001671	19861021
1001672	19971002
1001673	19960125
1001674	19911207
1001675	19970304
1001676	19970513
1001677	19970118
1001678	19920626
1001679	19961008
1001680	19961004
1001681	19960115
1001682	19860402
1001683	19970924
1001684	19930212
1001685	19890101
1001686	19971201
1001687	19971231
1001688	19970628
1001689	19890902
1001690	19960411
1001691	19911219
1001692	19980630
1001693	19980213
1001694	19980508
1001695	19910831
1001696	19941221
1001697	19940309
1001698	19820402
1001699	19870331
1001700	19960223
1001701	19980104
1001702	19910628
1001703	19880629
1001704	19960120
1001705	19980102
1001706	19850216
1001707	19970202
1001708	19890926
1001709	19880522
1001710	19860407
1001711	19910305
1001712	19961221
1001713	19840627
1001714	19900328
1001715	19880103
1001716	19900812
1001717	19940213
1001718	19930201
1001719	19890221
1001720	19970922
1001721	19910627
1001722	19900308
1001723	19960309
1001724	19891228
1001725	19891217
1001726	19910911
1001727	19850717
1001728	19961110
1001729	19971115
1001730	19950629
1001731	19930215
1001732	19931111
1001733	19880523
1001734	19860416
1001735	19970905
1001736	19970713
1001737	19940702
1001738	19960112
1001739	19950419
1001740	19971218
1001741	19960315
1001742	19961016
1001743	19871231
1001744	19961231
1001745	19960628
1001746	19990424
1001747	19971201
1001748	19920501
1001749	19970312
1001750	19881010
1001751	19960904
1001752	19970425
1001753	19870531
1001754	19910419
1001755	19960529
1001756	19970923
1001757	19930905
1001758	19940808
1001759	19930916
1001760	19851122
1001761	19981127
1001762	19871124
1001763	19970509
1001764	19960102
1001765	19950418
1001766	19950108
1001767	19971224
1001768	19980205
1001769	19900908
1001770	19940218
1001771	19980217
1001772	19970104
1001773	19941202
1001774	19990304
1001775	19880212
1001776	19960108
1001777	19940124
1001778	19961022
1001779	19980115
1001780	19970508
1001781	19970523
1001782	19950110
1001783	19860907
1001784	19901008
1001785	19961218
1001786	19971031
1001787	19890204
1001788	19960130
1001789	19920711
1001790	19941229
1001791	19960113
1001792	19900327
1001793	19900629
1001794	19880617
1001795	19930520
1001796	19860629
1001797	19960520
1001798	19951130
1001799	19971110
1001800	19880112
1001801	19891202
1001802	19940923
1001803	19980117
1001804	19961206
1001805	19950906
1001806	19971114
1001807	19870907
1001808	19870510
1001809	19940904
1001810	19950719
1001811	19960118
1001812	19961109
1001813	19950826
1001814	19961001
1001815	19910329
1001816	19900104
1001817	19870708
1001818	19871130
1001819	19980822
1001820	19960628
1001821	19920708
1001822	19911002
1001823	19910708
1001824	19930313
1001825	19940916
1001826	19980102
1001827	19930131
1001828	19970211
1001829	19870329
1001830	19960208
1001831	19961111
1001832	19971101
1001833	19970523
1001834	19890616
1001835	19870728
1001836	19961003
1001837	19920912
1001838	19950222
1001839	19970203
1001840	19980203
1001841	19971022
1001842	19930301
1001843	19951201
1001844	19961015
1001845	19910208
1001846	19870224
1001847	19920327
1001848	19951205
1001849	19941006
1001850	19980115
1001851	19930604
1001852	19840627
1001853	19861009
1001854	19870222
1001855	19890916
1001856	19970413
1001857	19931011
1001858	19890925
1001859	19970110
1001860	19980908
1001861	19940723
1001862	19940902
1001863	19901001
1001864	19880509
1001865	19970208
1001866	19900107
1001867	19960827
1001868	19960718
1001869	19950111
1001870	19960927
1001871	19920113
1001872	19930815
1001873	19951015
1001874	19890201
1001875	19980618
1001876	19870621
1001877	19971110
1001878	19980126
1001879	19980728
1001880	19950904
1001881	19870402
1001882	19951021
1001883	19970923
1001884	19901026
1001885	19940911
1001886	19950804
1001887	19880426
1001888	19900418
1001889	19890623
1001890	19880510
1001891	19870512
1001892	19930226
1001893	19970723
1001894	19871104
1001895	19901111
1001896	19900710
1001897	19941121
1001898	19950819
1001899	19860703
1001900	19971219
1001901	19970204
1001902	19960718
1001903	19970202
1001904	19840801
1001905	19980903
1001906	19980131
1001907	19970601
1001908	19911010
1001909	19920227
1001910	19921115
1001911	19981007
1001912	19830117
1001913	19871201
1001914	19990427
1001915	19940412
1001916	19870612
1001917	19971210
1001918	19931002
1001919	19870328
1001920	19950428
1001921	19991118
1001922	19910417
1001923	19930101
1001924	19920825
1001925	19820919
1001926	19930917
1001927	19981203
1001928	19990122
1001929	19961220
1001930	19971118
1001931	19971108
1001932	19830413
1001933	19990803
1001934	20000401
1001935	19990402
1001936	19980619
1001937	19970403
1001938	19890114
1001939	19900925
1001940	19890711
1001941	19860823
1001942	19950805
1001943	19930115
1001944	19940103
1001945	19930923
1001946	19870407
1001947	19970316
1001948	19891226
1001949	19970203
1001950	19811003
1001951	19960415
1001952	19961020
1001953	19951013
1001954	20000831
1001955	19951224
1001956	19981023
1001957	19940609
1001958	19940615
1001959	19830127
1001960	19910626
1001961	19911213
1001962	19951002
1001963	19920208
1001964	20000528
1001965	19970930
1001966	19880608
1001967	19960413
1001968	19901027
1001969	19851030
1001970	19931107
1001971	19940224
1001972	19901024
1001973	19960122
1001974	19781129
1001975	19871019
1001976	19950213
1001977	19910808
1001978	19970830
1001979	19970301
1001980	19940119
1001981	19910224
1001982	19980109
1001983	19910329
1001984	20000308
1001985	19980928
1001986	19900913
1001987	19911126
1001988	19960604
1001989	19961223
1001990	19961216
1001991	19951215
1001992	19880415
1001993	19950305
1001994	19980514
1001995	19860107
1001996	19940617
1001997	19941219
1001998	19861015
1001999	19990111
1002000	19920131
1002001	19960422
1002002	19950628
1002003	19980419
1002004	19940608
1002005	19900621
1002006	19991130
1002007	19880216
1002008	19920623
1002009	19961208
1002010	19920725
1002011	19970328
1002012	19880618
1002013	19851214
1002014	19900214
1002015	19901223
1002016	19881201
1002017	19960514
1002018	19971220
1002019	19930728
1002020	19910308
1002021	19910407
1002022	19960923
1002023	19970925
1002024	19950920
1002025	19960108
1002026	19990114
1002027	19950923
1002028	19850226
1002029	19960202
1002030	19970111
1002031	19890121
1002032	19910221
1002033	19970123
1002034	19961025
1002035	19971020
1002036	19970316
1002037	19971126
1002038	19880910
1002039	19941206
1002040	19930305
1002041	19960208
1002042	19921014
1002043	19970502
1002044	19981227
1002045	19950922
1002046	19971102
1002047	19941213
1002048	19971225
1002049	19981002
1002050	19861012
1002051	19850328
1002052	19770604
1002053	19960107
1002054	19971214
1002055	19950907
1002056	19990325
1002057	19910107
1002058	19960111
1002059	19950108
1002060	19980505
1002061	19970922
1002062	19921119
1002063	19890223
1002064	19951106
1002065	19960820
1002066	19970630
1002067	19990513
1002068	19920419
1002069	19970322
1002070	20000311
1002071	19991015
1002072	19990522
1002073	19971218
1002074	19971211
1002075	19920927
1002076	19921015
1002077	19990709
1002078	19890315
1002079	20000914
1002080	19940817
1002081	19921224
1002082	19890315
1002083	19980909
1002084	19971209
1002085	19920125
1002086	19940810
1002087	19960412
1002088	19960611
1002089	19880425
1002090	19980405
1002091	19801001
1002092	19970514
1002093	19970407
1002094	19950926
1002095	20000922
1002096	20000128
1002097	19890115
1002098	19880116
1002099	20000817
1002100	19991228
1002101	19981013
1002102	20010224
1002103	19910614
1002104	19910525
1002105	20000112
1002106	19950225
1002107	19911121
1002108	19930817
1002109	19910615
1002110	19910715
1002111	19900129
1002112	19910528
1002113	19920707
1002114	19940217
1002115	19940803
1002116	19940527
1002117	19940731
1002118	19981208
1002119	19990504
1002120	19930901
1002121	19960603
1002122	19890618
1002123	19861128
1002124	19981018
1002125	19990705
1002126	19910520
1002127	19980911
1002128	19930226
1002129	19850410
1002130	19990208
1002131	19971001
1002132	19890323
1002133	19991210
1002134	19971211
1002135	19940717
1002136	19930119
1002137	20000124
1002138	20001006
1002139	19900901
1002140	19990718
1002141	19990530
1002142	19990917
1002143	20000412
1002144	19931107
1002145	19980917
1002146	19981214
1002147	20010130
1002148	19910125
1002149	19870502
1002150	19981014
1002151	19980704
1002152	19991122
1002153	19881207
1002154	19951018
1002155	19890201
1002156	19890416
1002157	19920422
1002158	19980112
1002159	20000706
1002160	19940717
1002161	19970912
1002162	19991021
1002163	20000214
1002164	19970924
1002165	19920813
1002166	19951205
1002167	19850711
1002168	19880502
1002169	19890110
1002170	19900601
1002171	19940306
1002172	19881206
1002173	19931202
1002174	19981002
1002175	19960622
1002176	19990424
1002177	19910306
1002178	19990913
1002179	19890612
1002180	20001107
1002181	19980905
1002182	19960114
1002183	19850123
1002184	19990806
1002185	19921023
1002186	19910325
1002187	19910202
1002188	20000131
1002189	19970224
1002190	19990211
1002191	19890308
1002192	19991022
1002193	19930303
1002194	19920408
1002195	19961128
1002196	19970415
1002197	19950417
1002198	19920604
1002199	19860109
1002200	19991024
1002201	19981109
1002202	19940929
1002203	19990703
1002204	19940720
1002205	19930221
1002206	19930620
1002207	19921218
1002208	19990820
1002209	19960407
1002210	19870416
1002211	19890303
1002212	19950224
1002213	19970217
1002214	19940214
1002215	19960612
1002216	19990104
1002217	19930918
1002218	19901027
1002219	19900917
1002220	19890523
1002221	19900429
1002222	19990828
1002223	19970324
1002224	19980613
1002225	19910902
1002226	19981216
1002227	19900423
1002228	19991211
1002229	19971222
1002230	19910607
1002231	19910618
1002232	19960213
1002233	19980907
1002234	19920611
1002235	19900812
1002236	19961215
1002237	19981121
1002238	20010120
1002239	19970510
1002240	19970818
1002241	19960909
1002242	19920312
1002243	19910604
1002244	19971004
1002245	19920414
1002246	20010526
1002247	19921002
1002248	19940210
1002249	19970223
1002250	19930411
1002251	19930730
1002252	19951116
1002253	19920330
1002254	19970807
1002255	19881215
1002256	19991205
1002257	19920908
1002258	19950514
1002259	19910823
1002260	19960830
1002261	19880628
1002262	19850113
1002263	19910203
1002264	19961201
1002265	19950318
1002266	19970203
1002267	19970708
1002268	20000325
1002269	19981218
1002270	19930917
1002271	19991004
1002272	19990904
1002273	19970918
1002274	19990121
1002275	20010310
1002276	19890227
1002277	19910108
1002278	19920512
1002279	19940528
1002280	19880716
1002281	20011001
1002282	19980116
1002283	20030404
1002284	20000227
1002285	19870110
1002286	20000713
1002287	19990414
1002288	19940804
1002289	19990520
1002290	19930811
1002291	19980523
1002292	20000129
1002293	19991204
1002294	20010109
1002295	19920930
1002296	19980604
1002297	19981105
1002298	19930415
1002299	19950415
1002300	19960705
1002301	19891011
1002302	19931023
1002303	19871231
1002304	19971018
1002305	19910505
1002306	19940228
1002307	19860908
1002308	19991010
1002309	19990824
1002310	19930223
1002311	19930720
1002312	19960308
1002313	19990318
1002314	20010214
1002315	19981103
1002316	19971007
1002317	19940112
1002318	19961204
1002319	19970109
1002320	19920304
1002321	19941025
1002322	20000830
1002323	19990918
1002324	19991126
1002325	19940303
1002326	19911220
1002327	19880527
1002328	19991107
1002329	19840116
1002330	20000709
1002331	19970126
1002332	19871210
1002333	20020118
1002334	20010313
1002335	19971105
1002336	19950918
1002337	19991128
1002338	19880609
1002339	19930305
1002340	20000907
1002341	19920509
1002342	20000127
1002343	19971030
1002344	19940923
1002345	19920310
1002346	19950210
1002347	19981123
1002348	19941013
1002349	19980628
1002350	19970313
1002351	19990409
1002352	19971003
1002353	19900818
1002354	20000126
1002355	19861211
1002356	19941003
1002357	19970531
1002358	19880215
1002359	20000723
1002360	19900326
1002361	19970523
1002362	19971210
1002363	20000209
1002364	20010905
1002365	19931018
1002366	19880501
1002367	19961123
1002368	19980911
1002369	19981107
1002370	19920715
1002371	19970316
1002372	20000522
1002373	19940506
1002374	19931013
1002375	20001010
1002376	19970210
1002377	19911220
1002378	19891023
1002379	19970507
1002380	19960211
1002381	19931008
1002382	19930202
1002383	19950702
1002384	19990518
1002385	19971115
1002386	19981105
1002387	19931006
1002388	20001010
1002389	19930930
1002390	19930901
1002391	19910719
1002392	19940131
1002393	19910414
1002394	19990222
1002395	19940102
1002396	19930812
1002397	20001121
1002398	19931205
1002399	19900305
1002400	19971118
1002401	20000518
1002402	19990208
1002403	20000916
1002404	20000518
1002405	19920803
1002406	20000311
1002407	19991103
1002408	20010902
1002409	19911211
1002410	20000104
1002411	19960523
1002412	19990923
1002413	19960713
1002414	19970226
1002415	20000608
1002416	20010703
1002417	19980908
1002418	19930309
1002419	20011123
1002420	20010110
1002421	19990327
1002422	20000710
1002423	19990104
1002424	20021028
1002425	19990924
1002426	20010101
1002427	20011010
1002428	20010915
1002429	19980615
1002430	20000920
1002431	20011017
1002432	19980509
1002433	19980214
1002434	19971008
1002435	19920808
1002436	19971019
1002437	19990104
1002438	20010422
1002439	19941205
1002440	19980926
1002441	20020627
1002442	20020130
1002443	19950716
1002444	19950503
1002445	20010910
1002446	19951219
1002447	19961003
1002448	19940915
1002449	19940908
1002450	20030525
1002451	20020406
1002452	20020311
1002453	19981109
1002454	19961225
1002455	19981012
1002456	19850210
1002457	20011019
1002458	20011207
1002459	20000421
1002460	19910620
1002461	19980331
1002462	19990420
1002463	19910114
1002464	19930201
1002465	20010902
1002466	19910824
1002467	19990215
1002468	19980223
1002469	19980227
1002470	20020426
1002471	20000724
1002472	20010211
1002473	20001117
1002474	19991207
1002475	19900403
1002476	19941018
1002477	19990928
1002478	19990517
1002479	19991108
1002480	19960807
1002481	19980125
1002482	19871129
1002483	19840712
1002484	19970127
1002485	19920108
1002486	20001005
1002487	20000228
1002488	19951021
1002489	19970131
1002490	19981006
1002491	19940805
1002492	20020430
1002493	19980618
1002494	19831019
1002495	19960409
1002496	19980919
1002497	19991208
1002498	19980509
1002499	20011225
1002500	20020510
1002501	19970405
1002502	19860210
1002503	20010106
1002504	19990927
1002505	20000214
1002506	20000321
1002507	20000201
1002508	19990318
1002509	19940527
1002510	19960222
1002511	19930831
1002512	20000406
1002513	19990910
1002514	20020310
1002515	19981224
1002516	19960622
1002517	19950116
1002518	20000221
1002519	19971023
1002520	20010926
1002521	19981103
1002522	20021114
1002523	19990901
1002524	19900519
1002525	20020506
1002526	20020204
1002527	19961026
1002528	19980903
1002529	20001005
1002530	19960814
1002531	19970605
1002532	19961029
1002533	20000309
1002534	20010210
1002535	19990913
1002536	20000517
1002537	19990109
1002538	19920321
1002539	19990110
1002540	19940802
1002541	20010117
1002542	19990918
1002543	19920322
1002544	19950227
1002545	19950529
1002546	19990205
1002547	19910616
1002548	19910108
1002549	20010805
1002550	20000713
1002551	19970312
1002552	19930309
1002553	20000930
1002554	20010626
1002555	20010618
1002556	20010511
1002557	19941204
1002558	19941001
1002559	19960406
1002560	20010715
1002561	19970321
1002562	20010909
1002563	20001021
1002564	19990723
1002565	19940119
1002566	19930112
1002567	19961228
1002568	20011210
1002569	20011220
1002570	19950402
1002571	20010324
1002572	20001101
1002573	19960324
1002574	19921208
1002575	19921223
1002576	20010216
1002577	20011212
1002578	19930319
1002579	19960905
1002580	19990109
1002581	19950925
1002582	19940514
1002583	19900329
1002584	20030404
1002585	20021002
1002586	19950709
1002587	19961203
1002588	19960814
1002589	20010227
1002590	20020510
1002591	19951221
1002592	19980918
1002593	19910209
1002594	19980225
1002595	20000902
1002596	20000317
1002597	19920327
1002598	19900910
1002599	19890523
1002600	20010611
1002601	20000830
1002602	19940329
1002603	20010528
1002604	19990331
1002605	20000919
1002606	19910915
1002607	19951109
1002608	20001021
1002609	19990913
1002610	20030213
1002611	19860205
1002612	19990117
1002613	20011015
1002614	20030207
1002615	19940513
1002616	19990705
1002617	19920729
1002618	19950104
1002619	20010130
1002620	20010919
1002621	20010102
1002622	20010105
1002623	19960306
1002624	19961124
1002625	20010610
1002626	19941219
1002627	20020209
1002628	19941224
1002629	19991104
1002630	20010413
1002631	20000903
1002632	20010606
1002633	19940622
1002634	19991108
1002635	19921215
1002636	20021106
1002637	19910108
1002638	19960531
1002639	19920212
1002640	19961120
1002641	20031111
1002642	20011114
1002643	20031218
1002644	20011004
1002645	19930227
1002646	20030621
1002647	19920719
1002648	19910825
1002649	20020920
1002650	19990611
1002651	19950810
1002652	20020413
1002653	20010825
1002654	20020830
1002655	19880821
1002656	20001014
1002657	20010114
1002658	19950325
1002659	19991015
1002660	19970807
1002661	19951205
1002662	20040105
1002663	20000727
1002664	20030217
1002665	20001218
1002666	20010819
1002667	20021127
1002668	20011102
1002669	20011014
1002670	20020918
1002671	20030108
1002672	19930611
1002673	19870214
1002674	20030208
1002675	20000912
1002676	20010403
1002677	20040801
1002678	20020812
1002679	20040112
1002680	20030306
1002681	20021112
1002682	20030115
1002683	20001217
1002684	20011117
1002685	20020711
1002686	20000307
1002687	20031020
1002688	20000716
1002689	19911028
1002690	19930816
1002691	20000325
1002692	19961101
1002693	20001227
1002694	19971219
1002695	19990308
1002696	20030711
1002697	20011230
1002698	20010913
1002699	20000206
1002700	20010224
1002701	20021027
1002702	20020323
1002703	20020517
1002704	20000325
1002705	20011102
1002706	20011031
1002707	20020504
1002708	20020312
1002709	20030927
1002710	19920822
1002711	19900108
1002712	19970511
1002713	20021207
1002714	20020331
1002715	20010213
1002716	20030121
1002717	20010313
1002718	20011208
1002719	20010902
1002720	20030304
1002721	20000302
1002722	20021023
1002723	19920301
1002724	20030804
1002725	20010704
1002726	20010402
1002727	20030729
1002728	19910419
1002729	20010220
1002730	20040714
1002731	20021010
1002732	20020104
1002733	19861002
1002734	20010406
1002735	19930304
1002736	20020524
1002737	19950811
1002738	19970808
1002739	20030903
1002740	20040202
1002741	19960717
1002742	19981217
1002743	19961213
1002744	19900613
1002745	19930613
1002746	20040801
1002747	19990407
1002748	19991231
1002749	20011206
1002750	19890219
1002751	20020126
1002752	19910712
1002753	20020427
1002754	19960512
1002755	20000728
1002756	20030106
1002757	20010820
1002758	19940309
1002759	20021124
1002760	19990902
1002761	19970418
1002762	19970714
1002763	19980906
1002764	20000306
1002765	20031017
1002766	19951202
1002767	20001228
1002768	20010511
1002769	20021120
1002770	19970628
1002771	19990622
1002772	20020719
1002773	19980629
1002774	20000904
1002775	20040320
1002776	19920115
1002777	20000919
1002778	20000213
1002779	20040318
1002780	19970514
1002781	20020208
1002782	20001216
1002783	20021215
1002784	19931116
1002785	19960505
1002786	20001103
1002787	20020903
1002788	20001208
1002789	20030918
1002790	19950218
1002791	20030923
1002792	20001219
1002793	19990811
1002794	20000108
1002795	20000229
1002796	20030926
1002797	20010307
1002798	20011030
1002799	20040106
1002800	20020812
1002801	19951230
1002802	20021020
1002803	19990304
1002804	20010108
1002805	20020902
1002806	20021005
1002807	20020116
1002808	20020131
1002809	20010129
1002810	20021021
1002811	20030219
1002812	20010909
1002813	20030919
1002814	20010929
1002815	19990417
1002816	20030114
1002817	20011108
1002818	19961214
1002819	20011221
1002820	20040324
1002821	19940818
1002822	19951009
1002823	19971008
1002824	19991008
1002825	20020428
1002826	19961216
1002827	20010203
1002828	19911123
1002829	19910411
1002830	19840922
1002831	20040628
