0	0	1	0	0
2	1	3	0	0
4	1	5	0	0
6	1	7	0	0
8	1	9	0	0
10	0	11	0	0
12	1	13	0	0
14	1	15	0	0
16	0	17	0	0
18	0	19	0	0
11	0	16	1	0
1	1	18	1	0
19	0	10	1	0
5	1	14	1	0
9	0	4	1	0
15	0	6	1	0
3	1	12	1	0
13	0	2	1	0
7	1	0	1	0
17	0	8	1	0
7	0	4	2	0
15	0	8	2	0
3	1	16	2	0
13	1	18	2	0
5	0	12	2	0
19	1	2	2	0
9	1	0	2	0
1	0	6	2	0
17	2	10	2	0
11	0	14	2	0
6	1	19	3	0
0	0	11	3	0
10	0	7	3	0
16	0	15	3	0
8	1	5	3	0
12	2	1	3	0
14	0	3	3	0
18	0	17	3	0
2	0	9	3	0
4	2	13	3	0
5	0	15	4	0
19	0	11	4	0
18	1	16	4	0
9	0	14	4	0
3	0	13	4	0
7	0	1	4	0
10	1	0	4	0
8	1	6	4	0
17	1	2	4	0
4	0	12	4	0
13	1	19	5	0
16	0	5	5	0
12	0	9	5	0
1	1	17	5	0
6	2	10	5	0
15	0	3	5	0
2	0	8	5	0
11	0	7	5	0
0	0	18	5	0
14	0	4	5	0
19	0	1	6	0
5	0	13	6	0
7	0	12	6	0
9	1	15	6	0
8	1	14	6	0
4	0	2	6	0
3	0	0	6	0
17	1	6	6	0
18	0	11	6	0
10	1	16	6	0
0	0	19	7	0
14	2	10	7	0
15	0	4	7	0
16	2	7	7	0
12	1	8	7	0
1	0	3	7	0
11	0	17	7	0
6	2	18	7	0
2	2	5	7	0
13	2	9	7	0
2	0	0	8	0
14	2	12	8	0
15	0	17	8	0
16	0	6	8	0
7	0	19	8	0
4	0	11	8	0
3	2	5	8	0
10	0	13	8	0
8	1	18	8	0
9	0	1	8	0
19	0	16	9	0
17	0	7	9	0
11	1	3	9	0
1	2	8	9	0
18	1	10	9	0
0	0	4	9	0
6	0	14	9	0
13	2	15	9	0
5	2	9	9	0
12	2	2	9	0
9	0	19	10	0
10	2	12	10	0
7	2	13	10	0
8	0	3	10	0
16	0	4	10	0
17	2	5	10	0
6	1	0	10	0
11	0	1	10	0
14	2	2	10	0
15	0	18	10	0
13	1	14	11	0
12	1	15	11	0
4	0	8	11	0
1	0	10	11	0
18	0	7	11	0
0	0	16	11	0
3	2	9	11	0
5	2	11	11	0
2	0	6	11	0
19	2	17	11	0
6	1	4	12	0
18	0	3	12	0
7	0	15	12	0
19	2	5	12	0
1	2	13	12	0
0	0	12	12	0
10	0	8	12	0
11	2	2	12	0
17	0	9	12	0
16	0	14	12	0
13	0	11	13	0
14	1	19	13	0
4	2	10	13	0
9	2	6	13	0
5	2	1	13	0
8	1	16	13	0
3	0	7	13	0
15	1	0	13	0
12	1	17	13	0
2	2	18	13	0
2	0	1	14	0
8	0	11	14	0
15	0	10	14	0
5	0	0	14	0
4	2	19	14	0
12	0	6	14	0
3	1	17	14	0
14	2	18	14	0
9	0	7	14	0
13	1	16	14	0
7	2	8	15	0
19	1	15	15	0
16	1	2	15	0
18	1	12	15	0
10	2	3	15	0
1	2	4	15	0
11	2	9	15	0
6	2	5	15	0
17	0	13	15	0
0	2	14	15	0
7	1	2	16	0
17	0	4	16	0
16	0	12	16	0
11	2	15	16	0
6	0	13	16	0
0	0	8	16	0
18	0	5	16	0
19	0	3	16	0
10	0	9	16	0
1	0	14	16	0
8	0	19	17	0
3	2	6	17	0
13	2	0	17	0
2	0	10	17	0
4	1	18	17	0
9	0	16	17	0
5	0	7	17	0
15	0	1	17	0
14	2	17	17	0
12	0	11	17	0
19	0	12	18	0
9	2	18	18	0
17	2	0	18	0
13	0	8	18	0
11	2	6	18	0
5	0	10	18	0
1	1	16	18	0
15	0	2	18	0
7	2	14	18	0
3	2	4	18	0
10	1	17	19	0
18	0	13	19	0
16	0	3	19	0
12	1	5	19	0
14	0	11	19	0
8	1	15	19	0
6	2	1	19	0
0	0	9	19	0
2	1	19	19	0
4	2	7	19	0
11	2	10	20	0
3	1	2	20	0
13	1	12	20	0
17	2	16	20	0
5	0	4	20	0
19	0	18	20	0
1	2	0	20	0
9	0	8	20	0
7	0	6	20	0
15	2	14	20	0
6	1	15	21	0
4	0	9	21	0
2	2	13	21	0
8	1	17	21	0
10	2	19	21	0
14	0	5	21	0
12	1	3	21	0
18	2	1	21	0
16	0	11	21	0
0	0	7	21	0
2	2	15	22	0
10	2	5	22	0
12	2	19	22	0
8	2	13	22	0
14	0	7	22	0
4	0	3	22	0
0	0	17	22	0
16	0	1	22	0
6	0	11	22	0
18	0	9	22	0
19	0	6	23	0
7	2	10	23	0
3	1	14	23	0
11	1	0	23	0
5	0	8	23	0
15	1	16	23	0
17	2	18	23	0
1	2	12	23	0
13	2	4	23	0
9	1	2	23	0
0	0	15	24	0
19	0	14	24	0
16	0	8	24	0
6	2	9	24	0
11	0	13	24	0
1	0	5	24	0
10	0	4	24	0
7	2	3	24	0
18	2	2	24	0
17	0	12	24	0
2	2	16	25	0
12	0	18	25	0
14	0	0	25	0
13	0	17	25	0
4	0	1	25	0
9	0	11	25	0
5	0	6	25	0
3	2	10	25	0
8	2	7	25	0
15	0	19	25	0
3	1	18	26	0
2	0	11	26	0
4	0	6	26	0
8	1	10	26	0
12	1	0	26	0
13	0	1	26	0
15	0	7	26	0
9	0	17	26	0
14	0	16	26	0
5	2	19	26	0
16	0	13	27	0
18	0	14	27	0
0	1	5	27	0
17	0	3	27	0
6	0	12	27	0
7	2	9	27	0
1	1	2	27	0
19	0	4	27	0
10	1	15	27	0
11	1	8	27	0
15	0	11	28	0
12	1	16	28	0
8	1	0	28	0
2	2	7	28	0
4	0	17	28	0
5	1	18	28	0
9	1	10	28	0
13	1	6	28	0
3	0	19	28	0
14	0	1	28	0
18	0	4	29	0
17	2	14	29	0
6	0	3	29	0
11	1	12	29	0
0	0	13	29	0
10	2	2	29	0
1	1	15	29	0
19	0	8	29	0
16	0	9	29	0
7	2	5	29	0
4	2	0	30	0
2	2	12	30	0
14	0	6	30	0
9	1	5	30	0
8	0	1	30	0
16	0	19	30	0
15	0	13	30	0
7	0	17	30	0
3	0	11	30	0
10	1	18	30	0
5	0	3	31	0
17	2	15	31	0
6	1	16	31	0
12	2	14	31	0
0	0	2	31	0
1	0	9	31	0
18	0	8	31	0
13	1	10	31	0
19	0	7	31	0
11	1	4	31	0
14	2	13	32	0
9	0	3	32	0
8	2	4	32	0
16	1	0	32	0
10	0	1	32	0
11	1	5	32	0
6	1	2	32	0
15	0	12	32	0
17	2	19	32	0
7	0	18	32	0
18	0	15	33	0
3	2	8	33	0
2	2	14	33	0
19	2	9	33	0
4	2	16	33	0
12	2	10	33	0
13	0	7	33	0
1	1	11	33	0
5	0	17	33	0
0	0	6	33	0
17	2	1	34	0
18	0	0	34	0
4	1	14	34	0
9	2	12	34	0
10	1	6	34	0
7	0	11	34	0
3	0	15	34	0
5	1	16	34	0
19	0	13	34	0
8	1	2	34	0
16	0	18	35	0
6	2	8	35	0
2	0	17	35	0
11	1	19	35	0
14	0	9	35	0
0	0	10	35	0
15	2	5	35	0
12	2	4	35	0
13	0	3	35	0
1	1	7	35	0
4	0	15	36	0
3	2	1	36	0
7	1	16	36	0
19	1	0	36	0
9	0	13	36	0
5	0	2	36	0
18	0	6	36	0
10	2	14	36	0
8	0	12	36	0
17	0	11	36	0
12	0	7	37	0
13	2	5	37	0
16	0	10	37	0
15	0	9	37	0
2	1	4	37	0
6	0	17	37	0
11	0	18	37	0
0	0	3	37	0
12	0	7	37	0
1	2	19	37	0
15	0	9	37	0
1	2	19	37	0
2	1	4	37	0
6	0	17	37	0
11	0	18	37	0
0	0	3	37	0
14	0	8	37	0
16	0	10	37	0
13	2	5	37	0
14	0	8	37	0
16	0	20	38	0
19	2	15	38	0
0	0	21	38	0
7	2	17	38	0
4	0	14	38	0
12	0	10	38	0
6	2	9	38	0
3	1	22	38	0
18	2	5	38	0
2	0	13	38	0
13	1	6	39	0
9	2	16	39	0
20	0	2	39	0
3	1	0	39	0
14	2	12	39	0
10	1	18	39	0
17	0	4	39	0
21	0	7	39	0
5	0	19	39	0
15	0	22	39	0
6	2	17	40	0
16	0	13	40	0
22	2	9	40	0
0	0	10	40	0
12	2	20	40	0
18	1	3	40	0
4	1	15	40	0
2	0	14	40	0
19	0	21	40	0
7	0	5	40	0
20	1	22	41	0
15	0	6	41	0
17	2	19	41	0
3	2	7	41	0
9	0	12	41	0
21	2	18	41	0
14	2	16	41	0
5	2	4	41	0
10	0	2	41	0
13	1	0	41	0
21	0	17	42	0
14	1	20	42	0
4	2	9	42	0
2	2	6	42	0
10	2	13	42	0
7	2	15	42	0
16	0	19	42	0
3	1	5	42	0
0	0	22	42	0
18	0	12	42	0
20	1	10	43	0
12	1	2	43	0
6	2	16	43	0
17	2	3	43	0
13	0	18	43	0
19	2	7	43	0
22	1	4	43	0
9	2	14	43	0
5	0	0	43	0
15	1	21	43	0
0	0	15	44	0
19	1	22	44	0
5	0	20	44	0
7	2	16	44	0
17	1	14	44	0
13	2	9	44	0
10	0	4	44	0
18	0	2	44	0
3	0	12	44	0
21	2	6	44	0
9	1	18	45	0
6	0	10	45	0
4	2	7	45	0
22	1	5	45	0
12	2	13	45	0
14	0	19	45	0
2	2	0	45	0
20	2	3	45	0
16	2	21	45	0
15	0	17	45	0
19	0	4	46	0
5	1	15	46	0
10	1	16	46	0
13	1	20	46	0
0	0	12	46	0
7	0	2	46	0
3	2	6	46	0
17	0	22	46	0
18	2	14	46	0
21	0	9	46	0
22	0	21	47	0
20	0	7	47	0
2	2	17	47	0
16	0	18	47	0
9	0	3	47	0
14	0	10	47	0
12	0	5	47	0
15	0	13	47	0
6	1	19	47	0
4	1	0	47	0
19	0	0	48	0
21	1	5	48	0
15	1	20	48	0
4	0	3	48	0
16	0	12	48	0
17	2	13	48	0
22	2	14	48	0
7	0	10	48	0
6	0	18	48	0
9	2	2	48	0
3	2	19	49	0
2	0	22	49	0
10	0	17	49	0
18	2	7	49	0
0	0	9	49	0
5	2	16	49	0
14	2	6	49	0
20	1	4	49	0
12	1	15	49	0
13	2	21	49	0
20	2	9	50	0
3	0	21	50	0
12	1	6	50	0
2	2	16	50	0
18	0	4	50	0
13	2	22	50	0
10	0	19	50	0
14	1	15	50	0
0	1	7	50	0
5	2	17	50	0
6	0	20	51	0
17	0	0	51	0
22	0	12	51	0
16	0	3	51	0
15	1	18	51	0
21	1	10	51	0
4	0	2	51	0
19	0	13	51	0
9	1	5	51	0
7	2	14	51	0
18	0	19	52	0
20	2	0	52	0
9	2	17	52	0
10	2	5	52	0
16	0	4	52	0
6	2	22	52	0
14	1	21	52	0
12	0	7	52	0
13	0	3	52	0
2	1	15	52	0
22	1	16	53	0
19	0	2	53	0
7	0	13	53	0
21	0	20	53	0
17	2	18	53	0
4	0	12	53	0
0	2	14	53	0
15	0	9	53	0
3	2	10	53	0
5	0	6	53	0
10	1	22	54	0
9	2	7	54	0
2	0	21	54	0
12	0	17	54	0
20	0	19	54	0
13	1	5	54	0
14	2	3	54	0
6	0	4	54	0
18	2	0	54	0
16	0	15	54	0
0	0	16	55	0
15	0	10	55	0
22	0	18	55	0
17	1	20	55	0
19	0	9	55	0
21	2	12	55	0
5	1	14	55	0
4	2	13	55	0
7	0	6	55	0
3	1	2	55	0
14	2	17	56	0
22	0	19	56	0
2	1	18	56	0
4	1	10	56	0
6	0	21	56	0
12	1	3	56	0
20	1	5	56	0
16	0	7	56	0
9	1	13	56	0
15	0	0	56	0
3	2	15	57	0
17	2	16	57	0
13	2	14	57	0
10	1	9	57	0
21	1	4	57	0
5	0	2	57	0
7	1	22	57	0
19	1	12	57	0
18	0	20	57	0
0	0	6	57	0
3	1	20	58	0
0	2	2	58	0
17	1	15	58	0
19	0	6	58	0
10	0	14	58	0
13	0	12	58	0
18	0	9	58	0
5	0	22	58	0
21	1	16	58	0
7	0	4	58	0
22	1	17	59	0
16	0	10	59	0
12	0	0	59	0
15	2	5	59	0
20	0	13	59	0
2	1	7	59	0
6	2	3	59	0
4	0	19	59	0
14	0	18	59	0
9	0	21	59	0
10	0	6	60	0
5	0	12	60	0
3	2	9	60	0
0	0	4	60	0
21	0	22	60	0
13	1	15	60	0
17	2	2	60	0
7	2	20	60	0
19	2	14	60	0
18	2	16	60	0
12	1	19	61	0
4	0	21	61	0
2	0	5	61	0
9	0	10	61	0
20	2	18	61	0
14	2	13	61	0
16	0	17	61	0
15	0	3	61	0
22	1	7	61	0
6	1	0	61	0
9	0	20	62	0
19	0	10	62	0
4	1	18	62	0
6	0	12	62	0
22	1	13	62	0
17	2	5	62	0
16	0	2	62	0
15	0	14	62	0
7	1	0	62	0
21	2	3	62	0
5	0	21	63	0
0	1	19	63	0
13	1	17	63	0
12	0	16	63	0
18	0	6	63	0
20	2	15	63	0
14	0	22	63	0
2	2	9	63	0
3	0	4	63	0
10	0	7	63	0
6	0	14	64	0
16	0	5	64	0
4	2	20	64	0
19	2	3	64	0
21	2	13	64	0
7	1	18	64	0
17	0	10	64	0
15	0	12	64	0
9	2	0	64	0
22	2	2	64	0
13	0	19	65	0
18	2	15	65	0
0	0	17	65	0
10	2	21	65	0
5	2	9	65	0
14	0	7	65	0
12	0	22	65	0
3	1	16	65	0
2	0	4	65	0
20	2	6	65	0
13	0	10	66	0
12	2	18	66	0
19	0	16	66	0
5	0	3	66	0
22	1	0	66	0
6	0	2	66	0
20	1	14	66	0
15	2	7	66	0
17	1	21	66	0
9	0	4	66	0
0	0	5	67	0
3	0	17	67	0
18	2	13	67	0
10	0	20	67	0
16	0	6	67	0
4	2	22	67	0
14	0	9	67	0
7	1	19	67	0
2	1	12	67	0
21	2	15	67	0
5	0	7	68	0
9	0	22	68	0
21	0	19	68	0
17	0	6	68	0
13	1	16	68	0
14	2	2	68	0
10	2	0	68	0
20	0	12	68	0
3	2	18	68	0
15	2	4	68	0
4	2	17	69	0
18	0	10	69	0
7	1	21	69	0
12	1	14	69	0
16	0	9	69	0
6	0	13	69	0
22	1	15	69	0
2	0	20	69	0
0	0	3	69	0
19	0	5	69	0
13	1	2	70	0
14	0	4	70	0
17	0	7	70	0
22	1	3	70	0
15	2	19	70	0
20	2	16	70	0
10	0	12	70	0
9	0	6	70	0
5	0	18	70	0
21	1	0	70	0
6	0	15	71	0
0	0	13	71	0
7	0	3	71	0
4	1	5	71	0
2	2	10	71	0
12	2	9	71	0
19	0	17	71	0
18	2	21	71	0
22	2	20	71	0
16	0	14	71	0
19	0	20	72	0
17	2	12	72	0
0	0	18	72	0
4	0	6	72	0
3	2	14	72	0
21	0	2	72	0
15	0	16	72	0
5	0	13	72	0
7	1	9	72	0
22	2	10	72	0
13	2	4	73	0
12	0	21	73	0
18	2	22	73	0
2	2	3	73	0
16	0	0	73	0
6	1	7	73	0
10	0	15	73	0
14	0	5	73	0
9	1	19	73	0
20	0	17	73	0
4	2	16	74	0
7	1	12	74	0
22	0	6	74	0
17	1	9	74	0
15	1	2	74	0
19	1	18	74	0
3	0	13	74	0
5	0	10	74	0
0	2	20	74	0
21	0	14	74	0
2	0	19	75	0
6	1	5	75	0
10	1	3	75	0
16	0	22	75	0
14	0	0	75	0
9	2	15	75	0
18	0	17	75	0
12	1	4	75	0
2	0	19	75	0
13	1	7	75	0
20	2	21	75	0
10	1	3	75	0
6	1	5	75	0
12	1	4	75	0
18	0	17	75	0
13	1	7	75	0
20	2	21	75	0
14	0	0	75	0
16	0	22	75	0
9	2	15	75	0
9	2	2	76	0
4	1	12	76	0
19	2	7	76	0
23	1	6	76	0
3	2	24	76	0
20	2	15	76	0
18	0	14	76	0
10	2	0	76	0
21	1	16	76	0
5	0	25	76	0
6	1	5	77	0
12	0	9	77	0
24	2	10	77	0
25	2	3	77	0
14	1	23	77	0
2	0	4	77	0
15	1	19	77	0
7	1	20	77	0
16	0	18	77	0
0	0	21	77	0
16	0	15	78	0
19	0	6	78	0
4	1	14	78	0
21	1	10	78	0
0	0	24	78	0
25	2	7	78	0
3	0	23	78	0
2	2	12	78	0
18	1	5	78	0
20	0	9	78	0
10	0	19	79	0
7	1	0	79	0
12	1	18	79	0
23	2	20	79	0
5	0	3	79	0
14	2	2	79	0
15	0	25	79	0
9	2	4	79	0
24	1	21	79	0
6	1	16	79	0
18	0	19	80	0
12	1	23	80	0
16	0	0	80	0
25	0	21	80	0
14	0	3	80	0
9	2	5	80	0
6	1	24	80	0
2	2	20	80	0
7	0	10	80	0
4	0	15	80	0
5	0	14	81	0
15	0	6	81	0
23	2	2	81	0
10	2	16	81	0
3	1	18	81	0
21	2	9	81	0
20	0	4	81	0
19	0	12	81	0
0	0	25	81	0
24	0	7	81	0
9	0	23	82	0
18	0	15	82	0
25	0	10	82	0
4	1	5	82	0
12	1	20	82	0
7	2	21	82	0
16	0	24	82	0
2	0	3	82	0
14	1	19	82	0
6	1	0	82	0
20	2	18	83	0
15	0	7	83	0
21	0	12	83	0
3	1	6	83	0
0	0	14	83	0
23	2	4	83	0
24	0	25	83	0
5	0	2	83	0
19	2	16	83	0
10	0	9	83	0
2	1	21	84	0
4	1	18	84	0
16	1	5	84	0
9	1	14	84	0
15	0	10	84	0
19	2	24	84	0
20	0	3	84	0
6	1	7	84	0
12	2	25	84	0
23	0	0	84	0
21	1	19	85	0
10	1	20	85	0
18	0	23	85	0
3	1	9	85	0
25	0	6	85	0
7	2	2	85	0
24	2	4	85	0
5	0	12	85	0
0	1	15	85	0
14	1	16	85	0
6	0	10	86	0
12	0	3	86	0
15	0	21	86	0
2	0	24	86	0
4	1	0	86	0
19	2	25	86	0
16	0	7	86	0
23	1	5	86	0
20	0	14	86	0
9	1	18	86	0
7	2	9	87	0
3	2	4	87	0
21	0	6	87	0
10	1	23	87	0
5	0	20	87	0
14	0	12	87	0
24	1	15	87	0
25	1	16	87	0
18	0	2	87	0
0	1	19	87	0
10	0	4	88	0
6	1	14	88	0
0	0	12	88	0
16	2	20	88	0
24	0	23	88	0
7	1	3	88	0
21	1	18	88	0
25	2	2	88	0
19	2	5	88	0
15	2	9	88	0
4	0	25	89	0
5	0	24	89	0
23	2	21	89	0
18	0	6	89	0
3	1	15	89	0
2	1	16	89	0
12	0	7	89	0
9	0	19	89	0
14	1	10	89	0
20	1	0	89	0
6	1	2	90	0
7	0	4	90	0
21	1	3	90	0
25	0	9	90	0
24	0	20	90	0
16	0	12	90	0
19	0	23	90	0
15	0	14	90	0
10	0	18	90	0
0	0	5	90	0
12	1	10	91	0
4	1	21	91	0
3	2	0	91	0
20	2	25	91	0
9	0	6	91	0
14	2	24	91	0
2	1	19	91	0
23	1	16	91	0
5	0	15	91	0
18	0	7	91	0
9	1	16	92	0
4	1	6	92	0
18	2	0	92	0
14	0	25	92	0
3	2	19	92	0
12	2	24	92	0
20	1	21	92	0
5	0	10	92	0
2	1	15	92	0
23	1	7	92	0
19	2	4	93	0
16	0	3	93	0
7	2	14	93	0
6	1	20	93	0
10	2	2	93	0
0	2	9	93	0
15	2	12	93	0
25	2	23	93	0
24	1	18	93	0
21	2	5	93	0
19	0	20	94	0
0	1	2	94	0
6	2	12	94	0
24	2	9	94	0
16	1	4	94	0
7	0	5	94	0
21	1	14	94	0
25	2	18	94	0
10	2	3	94	0
15	0	23	94	0
14	1	6	95	0
4	1	10	95	0
23	1	24	95	0
20	0	16	95	0
12	1	0	95	0
18	0	21	95	0
3	1	7	95	0
5	0	19	95	0
9	0	15	95	0
2	1	25	95	0
21	1	24	96	0
20	0	23	96	0
25	0	15	96	0
3	1	5	96	0
16	0	6	96	0
2	2	14	96	0
18	2	12	96	0
19	2	10	96	0
0	0	7	96	0
4	0	9	96	0
5	0	18	97	0
24	2	0	97	0
14	2	4	97	0
9	0	20	97	0
23	0	3	97	0
10	1	21	97	0
7	0	25	97	0
12	1	2	97	0
6	0	19	97	0
15	1	16	97	0
2	2	23	98	0
14	0	5	98	0
16	0	10	98	0
12	1	19	98	0
18	0	3	98	0
4	1	20	98	0
6	2	15	98	0
7	0	24	98	0
9	2	21	98	0
25	2	0	98	0
21	1	25	99	0
20	0	2	99	0
5	0	9	99	0
3	2	14	99	0
0	2	16	99	0
15	0	4	99	0
19	2	18	99	0
23	1	12	99	0
24	0	6	99	0
10	1	7	99	0
9	0	10	100	0
18	0	20	100	0
14	0	0	100	0
6	1	3	100	0
4	0	23	100	0
16	0	19	100	0
25	1	24	100	0
2	1	5	100	0
12	1	21	100	0
7	1	15	100	0
21	0	7	101	0
19	0	14	101	0
10	0	25	101	0
24	1	16	101	0
15	0	18	101	0
5	0	4	101	0
3	2	2	101	0
23	1	9	101	0
20	2	12	101	0
0	0	6	101	0
18	1	16	102	0
9	0	12	102	0
20	2	7	102	0
3	1	25	102	0
21	0	0	102	0
10	0	24	102	0
23	2	14	102	0
5	0	6	102	0
4	2	2	102	0
19	1	15	102	0
0	0	10	103	0
7	0	19	103	0
15	0	20	103	0
6	0	23	103	0
25	0	5	103	0
14	0	18	103	0
16	0	21	103	0
24	2	3	103	0
2	0	9	103	0
12	1	4	103	0
2	1	6	104	0
12	1	16	104	0
14	1	15	104	0
18	2	10	104	0
5	0	0	104	0
4	0	7	104	0
20	0	24	104	0
3	2	21	104	0
9	1	25	104	0
23	0	19	104	0
7	0	23	105	0
25	1	14	105	0
10	2	5	105	0
21	1	20	105	0
15	0	2	105	0
24	0	12	105	0
16	0	9	105	0
6	0	4	105	0
19	1	3	105	0
0	2	18	105	0
3	0	10	106	0
5	2	7	106	0
9	0	24	106	0
4	1	16	106	0
18	0	25	106	0
20	0	19	106	0
2	1	0	106	0
14	0	21	106	0
12	1	6	106	0
23	0	15	106	0
7	2	18	107	0
6	1	9	107	0
0	0	3	107	0
15	0	5	107	0
24	2	14	107	0
21	0	4	107	0
25	1	20	107	0
10	0	12	107	0
16	0	23	107	0
19	2	2	107	0
3	0	16	108	0
12	1	15	108	0
5	0	21	108	0
23	0	25	108	0
9	2	0	108	0
2	2	10	108	0
18	1	24	108	0
20	0	6	108	0
4	1	19	108	0
14	0	7	108	0
6	1	18	109	0
0	1	20	109	0
10	2	14	109	0
19	1	9	109	0
15	1	3	109	0
21	0	23	109	0
25	0	4	109	0
7	2	12	109	0
24	1	5	109	0
16	0	2	109	0
9	0	3	110	0
16	2	14	110	0
23	0	18	110	0
20	0	10	110	0
19	1	21	110	0
6	2	25	110	0
4	0	24	110	0
12	1	5	110	0
15	2	0	110	0
2	2	7	110	0
24	1	19	111	0
25	2	12	111	0
21	2	2	111	0
7	2	6	111	0
10	2	15	111	0
14	0	9	111	0
5	0	16	111	0
18	0	4	111	0
3	0	20	111	0
0	0	23	111	0
19	0	0	112	0
20	1	5	112	0
2	2	18	112	0
6	2	21	112	0
9	0	7	112	0
23	0	10	112	0
12	2	14	112	0
15	2	24	112	0
16	0	25	112	0
4	1	3	112	0
21	1	15	113	0
18	0	9	113	0
25	0	19	113	0
7	1	16	113	0
10	2	6	113	0
24	0	2	113	0
5	0	23	113	0
14	0	20	113	0
0	0	4	113	0
3	0	12	113	0
3	0	12	113	0
25	0	19	113	0
21	1	15	113	0
18	0	9	113	0
7	1	16	113	0
10	2	6	113	0
24	0	2	113	0
5	0	23	113	0
14	0	20	113	0
0	0	4	113	0
15	2	7	114	0
9	0	24	114	0
14	0	16	114	0
5	0	26	114	0
3	1	0	114	0
20	0	18	114	0
13	0	2	114	0
23	1	25	114	0
27	2	10	114	0
21	0	19	114	0
25	0	13	115	0
0	0	20	115	0
10	2	15	115	0
24	2	23	115	0
16	0	9	115	0
2	1	14	115	0
19	2	5	115	0
7	0	27	115	0
26	1	3	115	0
18	2	21	115	0
20	2	2	116	0
3	2	10	116	0
25	2	7	116	0
5	0	23	116	0
19	1	15	116	0
13	0	9	116	0
26	1	16	116	0
21	0	14	116	0
18	2	24	116	0
0	0	27	116	0
14	2	20	117	0
7	2	19	117	0
27	1	18	117	0
23	2	0	117	0
10	2	5	117	0
9	0	21	117	0
16	0	3	117	0
15	0	26	117	0
24	2	13	117	0
2	0	25	117	0
21	0	27	118	0
26	0	2	118	0
0	0	10	118	0
20	0	24	118	0
13	2	7	118	0
5	2	15	118	0
19	1	16	118	0
3	1	9	118	0
18	0	23	118	0
25	1	14	118	0
2	2	21	119	0
23	1	13	119	0
15	1	0	119	0
14	0	26	119	0
9	1	5	119	0
24	1	19	119	0
27	2	20	119	0
10	0	25	119	0
7	0	3	119	0
16	1	18	119	0
3	2	14	120	0
5	0	7	120	0
21	0	23	120	0
0	0	24	120	0
25	2	27	120	0
20	1	16	120	0
18	0	2	120	0
19	2	10	120	0
26	2	9	120	0
13	1	15	120	0
23	2	14	121	0
24	0	15	121	0
13	0	26	121	0
25	0	3	121	0
21	1	5	121	0
7	2	20	121	0
19	0	27	121	0
18	1	0	121	0
16	0	10	121	0
9	0	2	121	0
20	0	21	122	0
0	1	16	122	0
26	1	18	122	0
14	2	19	122	0
5	0	25	122	0
3	0	13	122	0
10	2	7	122	0
27	2	9	122	0
15	0	23	122	0
2	2	24	122	0
19	2	20	123	0
23	2	27	123	0
13	2	5	123	0
18	1	3	123	0
21	0	26	123	0
7	1	2	123	0
24	0	10	123	0
9	2	14	123	0
16	0	15	123	0
25	2	0	123	0
0	2	19	124	0
20	1	13	124	0
5	0	18	124	0
2	1	16	124	0
3	1	21	124	0
10	0	23	124	0
26	2	25	124	0
15	2	9	124	0
27	2	24	124	0
14	0	7	124	0
15	0	18	125	0
20	1	25	125	0
13	2	10	125	0
9	1	7	125	0
24	0	16	125	0
21	0	0	125	0
19	0	3	125	0
27	0	14	125	0
23	1	26	125	0
5	0	2	125	0
16	0	23	126	0
10	0	9	126	0
14	2	24	126	0
2	2	15	126	0
3	0	27	126	0
25	2	19	126	0
26	0	20	126	0
0	2	5	126	0
18	0	13	126	0
7	1	21	126	0
0	2	9	127	0
14	2	15	127	0
25	0	21	127	0
16	0	13	127	0
3	1	5	127	0
10	0	20	127	0
26	2	24	127	0
2	0	27	127	0
18	0	19	127	0
7	2	23	127	0
13	0	0	128	0
15	1	25	128	0
9	1	18	128	0
19	0	26	128	0
27	1	16	128	0
23	2	2	128	0
21	1	10	128	0
20	0	3	128	0
24	0	7	128	0
5	2	14	128	0
26	0	27	129	0
13	1	19	129	0
14	0	18	129	0
5	1	16	129	0
3	2	23	129	0
25	1	24	129	0
7	1	0	129	0
2	2	10	129	0
9	0	20	129	0
15	0	21	129	0
21	2	13	130	0
27	1	15	130	0
0	2	26	130	0
18	0	25	130	0
23	0	9	130	0
24	0	3	130	0
16	0	7	130	0
20	1	5	130	0
19	1	2	130	0
10	2	14	130	0
19	0	9	131	0
25	2	16	131	0
0	0	2	131	0
5	0	27	131	0
20	0	23	131	0
26	1	7	131	0
18	2	10	131	0
21	0	24	131	0
13	1	14	131	0
3	1	15	131	0
23	1	21	132	0
14	0	3	132	0
9	2	26	132	0
24	1	0	132	0
27	2	25	132	0
7	0	5	132	0
2	1	18	132	0
10	0	19	132	0
15	0	13	132	0
16	0	20	132	0
23	1	19	133	0
14	1	0	133	0
15	0	20	133	0
10	2	26	133	0
27	0	13	133	0
16	0	21	133	0
24	1	5	133	0
2	1	3	133	0
7	1	18	133	0
9	1	25	133	0
5	0	10	134	0
21	1	9	134	0
18	0	27	134	0
25	2	2	134	0
3	1	16	134	0
20	1	14	134	0
13	0	24	134	0
0	1	23	134	0
19	0	7	134	0
26	2	15	134	0
23	2	18	135	0
15	1	5	135	0
16	0	19	135	0
7	0	13	135	0
10	1	0	135	0
27	0	21	135	0
9	2	3	135	0
14	2	25	135	0
2	1	26	135	0
24	2	20	135	0
25	0	10	136	0
18	2	16	136	0
19	0	24	136	0
3	1	7	136	0
5	0	9	136	0
20	1	27	136	0
13	2	23	136	0
26	2	14	136	0
21	2	2	136	0
0	0	15	136	0
23	2	5	137	0
10	2	3	137	0
7	2	25	137	0
15	2	19	137	0
24	2	18	137	0
14	0	21	137	0
16	0	26	137	0
27	2	0	137	0
9	0	13	137	0
2	1	20	137	0
23	2	24	138	0
3	2	26	138	0
15	0	10	138	0
14	2	2	138	0
13	0	25	138	0
27	0	7	138	0
9	1	16	138	0
5	2	19	138	0
21	1	18	138	0
20	0	0	138	0
2	0	13	139	0
25	0	23	139	0
7	1	15	139	0
10	0	27	139	0
24	2	9	139	0
0	0	3	139	0
26	0	5	139	0
18	0	20	139	0
19	1	21	139	0
16	0	14	139	0
27	1	3	140	0
21	0	7	140	0
5	0	0	140	0
20	0	26	140	0
13	1	18	140	0
23	1	16	140	0
24	0	14	140	0
9	0	10	140	0
19	0	25	140	0
15	0	2	140	0
10	1	13	141	0
0	0	21	141	0
18	0	15	141	0
25	0	20	141	0
2	1	5	141	0
3	1	19	141	0
7	2	9	141	0
14	0	27	141	0
16	0	24	141	0
26	1	23	141	0
15	2	14	142	0
9	1	0	142	0
19	0	18	142	0
13	2	16	142	0
20	0	10	142	0
5	0	3	142	0
27	1	2	142	0
23	0	7	142	0
24	2	26	142	0
21	0	25	142	0
16	0	27	143	0
10	2	21	143	0
26	0	19	143	0
3	0	20	143	0
2	0	23	143	0
25	1	15	143	0
7	2	24	143	0
0	0	13	143	0
14	0	5	143	0
18	1	9	143	0
15	0	27	144	0
5	0	20	144	0
26	0	0	144	0
25	1	18	144	0
13	0	21	144	0
3	0	24	144	0
14	0	10	144	0
2	1	19	144	0
9	0	23	144	0
7	1	16	144	0
24	2	25	145	0
16	1	5	145	0
23	2	3	145	0
0	0	7	145	0
27	1	26	145	0
20	0	9	145	0
19	2	13	145	0
21	1	15	145	0
10	1	2	145	0
18	2	14	145	0
20	1	7	146	0
3	1	25	146	0
26	2	13	146	0
27	2	19	146	0
14	0	23	146	0
2	2	9	146	0
0	2	18	146	0
10	1	16	146	0
15	0	24	146	0
5	0	21	146	0
24	0	27	147	0
25	2	26	147	0
21	2	20	147	0
18	0	5	147	0
19	2	0	147	0
16	0	2	147	0
7	0	14	147	0
13	0	3	147	0
23	1	10	147	0
9	1	15	147	0
0	0	25	148	0
3	2	18	148	0
10	0	24	148	0
26	1	21	148	0
14	0	9	148	0
27	2	23	148	0
15	2	16	148	0
20	1	19	148	0
5	0	13	148	0
2	0	7	148	0
13	2	20	149	0
23	1	15	149	0
9	1	27	149	0
19	2	14	149	0
16	1	0	149	0
7	2	10	149	0
25	2	5	149	0
21	1	3	149	0
18	0	26	149	0
24	1	2	149	0
2	1	0	150	0
27	1	5	150	0
16	0	25	150	0
7	2	26	150	0
10	1	18	150	0
14	0	13	150	0
15	0	3	150	0
9	1	19	150	0
24	0	21	150	0
23	1	20	150	0
13	0	27	151	0
3	2	2	151	0
21	2	16	151	0
18	0	7	151	0
25	1	9	151	0
0	0	14	151	0
20	1	15	151	0
19	0	23	151	0
5	1	24	151	0
20	1	15	151	0
26	2	10	151	0
26	2	10	151	0
25	1	9	151	0
3	2	2	151	0
21	2	16	151	0
13	0	27	151	0
0	0	14	151	0
19	0	23	151	0
5	1	24	151	0
18	0	7	151	0
0	0	1	152	0
28	1	18	152	0
25	1	16	152	0
5	0	20	152	0
7	1	9	152	0
24	2	14	152	0
19	0	10	152	0
15	1	2	152	0
13	0	29	152	0
21	1	26	152	0
20	2	13	153	0
1	0	24	153	0
14	2	21	153	0
9	1	15	153	0
26	2	7	153	0
2	1	19	153	0
29	0	5	153	0
18	0	25	153	0
16	2	0	153	0
10	0	28	153	0
29	2	14	154	0
28	0	7	154	0
24	0	26	154	0
20	0	9	154	0
21	1	25	154	0
15	0	18	154	0
19	0	16	154	0
13	1	10	154	0
0	0	2	154	0
5	0	1	154	0
1	2	29	155	0
7	1	15	155	0
9	2	21	155	0
2	1	20	155	0
26	2	13	155	0
14	0	0	155	0
10	2	5	155	0
16	0	28	155	0
25	2	19	155	0
18	0	24	155	0
0	0	9	156	0
28	1	25	156	0
20	1	1	156	0
19	1	26	156	0
21	0	7	156	0
13	1	14	156	0
15	0	10	156	0
29	1	18	156	0
5	0	16	156	0
24	1	2	156	0
2	0	5	157	0
9	1	29	157	0
16	1	21	157	0
26	0	28	157	0
25	1	15	157	0
10	1	24	157	0
14	0	20	157	0
7	1	19	157	0
1	0	13	157	0
18	2	0	157	0
21	2	15	158	0
18	1	13	158	0
26	0	25	158	0
24	1	0	158	0
5	0	14	158	0
7	1	16	158	0
19	0	28	158	0
1	2	2	158	0
9	0	10	158	0
29	1	20	158	0
20	2	19	159	0
28	1	9	159	0
2	1	18	159	0
25	0	7	159	0
13	1	5	159	0
15	0	24	159	0
10	2	21	159	0
16	2	26	159	0
14	0	1	159	0
0	0	29	159	0
16	0	10	160	0
28	1	15	160	0
19	0	21	160	0
7	0	20	160	0
0	0	5	160	0
2	1	14	160	0
26	0	9	160	0
24	2	29	160	0
18	0	1	160	0
25	2	13	160	0
21	0	28	161	0
29	0	25	161	0
14	2	18	161	0
10	2	26	161	0
13	2	2	161	0
1	0	7	161	0
9	1	16	161	0
20	0	0	161	0
15	0	19	161	0
5	0	24	161	0
25	2	10	162	0
24	0	13	162	0
7	0	5	162	0
18	1	20	162	0
16	0	15	162	0
2	0	29	162	0
26	0	1	162	0
19	0	9	162	0
0	2	21	162	0
28	2	14	162	0
29	2	16	163	0
21	2	2	163	0
5	0	18	163	0
13	1	0	163	0
14	2	19	163	0
20	0	24	163	0
1	1	28	163	0
9	1	25	163	0
15	0	26	163	0
10	0	7	163	0
5	0	25	164	0
0	0	26	164	0
18	2	16	164	0
20	0	21	164	0
13	0	9	164	0
1	0	19	164	0
14	0	10	164	0
29	1	15	164	0
2	2	7	164	0
24	0	28	164	0
16	1	14	165	0
19	0	24	165	0
15	0	1	165	0
9	1	18	165	0
21	1	5	165	0
10	2	29	165	0
7	1	0	165	0
26	1	2	165	0
28	0	13	165	0
25	0	20	165	0
15	2	14	166	0
21	1	24	166	0
19	0	13	166	0
10	0	0	166	0
25	2	1	166	0
26	2	5	166	0
7	1	18	166	0
9	0	2	166	0
16	1	20	166	0
28	0	29	166	0
13	2	7	167	0
18	1	19	167	0
24	2	25	167	0
2	1	16	167	0
5	0	15	167	0
1	2	10	167	0
20	2	26	167	0
14	0	9	167	0
29	0	21	167	0
0	0	28	167	0
16	0	13	168	0
28	1	20	168	0
19	0	29	168	0
7	2	24	168	0
9	1	5	168	0
21	2	1	168	0
15	2	0	168	0
25	1	14	168	0
26	1	18	168	0
10	0	2	168	0
24	1	9	169	0
20	0	10	169	0
18	2	21	169	0
13	1	15	169	0
14	1	7	169	0
1	1	16	169	0
5	0	19	169	0
2	1	28	169	0
29	1	26	169	0
0	0	25	169	0
24	1	16	170	0
0	0	19	170	0
20	1	15	170	0
29	2	7	170	0
5	0	28	170	0
18	0	10	170	0
14	0	26	170	0
1	0	9	170	0
2	2	25	170	0
13	2	21	170	0
25	1	5	171	0
16	1	18	171	0
10	2	14	171	0
26	1	0	171	0
19	0	1	171	0
21	0	20	171	0
9	0	13	171	0
28	2	24	171	0
7	1	2	171	0
15	0	29	171	0
14	0	24	172	0
29	1	13	172	0
20	1	5	172	0
26	0	21	172	0
2	1	15	172	0
18	0	28	172	0
10	1	19	172	0
1	1	0	172	0
16	0	25	172	0
9	1	7	172	0
5	0	29	173	0
15	0	9	173	0
24	0	1	173	0
19	2	2	173	0
28	0	10	173	0
13	1	20	173	0
7	2	26	173	0
25	1	18	173	0
21	2	14	173	0
0	0	16	173	0
24	2	20	174	0
26	2	15	174	0
25	0	9	174	0
19	0	14	174	0
16	0	29	174	0
2	0	21	174	0
7	0	10	174	0
18	1	5	174	0
28	0	1	174	0
0	2	13	174	0
20	1	7	175	0
13	0	25	175	0
14	0	2	175	0
10	0	16	175	0
15	0	28	175	0
29	0	24	175	0
5	1	0	175	0
9	1	26	175	0
1	2	18	175	0
21	2	19	175	0
26	2	10	176	0
19	0	15	176	0
16	2	9	176	0
7	1	1	176	0
25	0	29	176	0
18	0	14	176	0
0	0	20	176	0
24	2	5	176	0
28	0	21	176	0
2	1	13	176	0
10	2	25	177	0
15	2	16	177	0
14	1	28	177	0
20	1	18	177	0
5	2	7	177	0
1	1	26	177	0
9	1	19	177	0
21	2	0	177	0
29	2	2	177	0
13	0	24	177	0
28	1	16	178	0
19	0	25	178	0
13	0	26	178	0
20	0	2	178	0
5	0	10	178	0
29	1	1	178	0
15	0	7	178	0
0	0	14	178	0
21	2	9	178	0
24	0	18	178	0
14	0	13	179	0
18	0	29	179	0
1	1	20	179	0
9	1	0	179	0
10	0	15	179	0
26	1	19	179	0
16	1	5	179	0
7	0	21	179	0
2	0	24	179	0
25	2	28	179	0
13	0	1	180	0
15	2	25	180	0
20	1	14	180	0
0	0	18	180	0
5	0	2	180	0
24	2	10	180	0
19	0	7	180	0
28	1	26	180	0
29	0	9	180	0
21	1	16	180	0
7	2	28	181	0
18	1	15	181	0
16	1	19	181	0
2	0	0	181	0
10	0	13	181	0
25	1	21	181	0
26	0	24	181	0
9	0	20	181	0
1	1	5	181	0
14	0	29	181	0
24	0	7	182	0
18	0	26	182	0
5	0	9	182	0
2	1	10	182	0
1	0	21	182	0
13	1	16	182	0
20	0	28	182	0
29	1	19	182	0
0	0	15	182	0
14	0	25	182	0
16	0	2	183	0
9	1	14	183	0
19	0	18	183	0
7	1	13	183	0
26	0	20	183	0
10	0	1	183	0
28	0	0	183	0
25	0	24	183	0
15	2	5	183	0
21	2	29	183	0
29	1	28	184	0
5	0	26	184	0
20	1	16	184	0
18	0	7	184	0
1	0	25	184	0
2	1	9	184	0
13	1	19	184	0
14	0	15	184	0
24	1	21	184	0
0	0	10	184	0
21	2	18	185	0
26	1	29	185	0
7	1	14	185	0
15	0	13	185	0
10	0	20	185	0
16	0	1	185	0
25	1	0	185	0
19	0	5	185	0
9	0	24	185	0
28	0	2	185	0
13	1	28	186	0
0	1	7	186	0
24	1	19	186	0
20	1	25	186	0
2	2	26	186	0
29	2	10	186	0
5	0	21	186	0
1	1	15	186	0
14	0	16	186	0
18	0	9	186	0
10	1	18	187	0
9	2	1	187	0
15	0	20	187	0
28	1	5	187	0
25	0	2	187	0
21	0	13	187	0
16	0	24	187	0
7	0	29	187	0
19	1	0	187	0
26	0	14	187	0
0	2	24	188	0
25	1	26	188	0
14	1	5	188	0
10	0	9	188	0
15	0	21	188	0
20	0	29	188	0
28	2	19	188	0
2	0	1	188	0
16	1	7	188	0
13	0	18	188	0
7	1	25	189	0
21	1	10	189	0
18	0	2	189	0
18	0	2	189	0
7	1	25	189	0
26	2	16	189	0
24	1	15	189	0
5	0	13	189	0
19	0	20	189	0
26	2	16	189	0
21	1	10	189	0
24	1	15	189	0
29	1	0	189	0
1	1	14	189	0
9	2	28	189	0
29	1	0	189	0
9	2	28	189	0
19	0	20	189	0
1	1	14	189	0
5	0	13	189	0
23	1	1	190	0
10	1	2	190	0
30	2	14	190	0
15	0	28	190	0
21	2	7	190	0
16	1	25	190	0
20	1	5	190	0
13	1	18	190	0
11	1	0	190	0
19	0	26	190	0
18	0	23	191	0
2	2	20	191	0
7	2	16	191	0
1	2	10	191	0
0	0	30	191	0
28	1	13	191	0
26	2	21	191	0
14	2	15	191	0
5	0	19	191	0
25	0	11	191	0
11	2	16	192	0
5	1	10	192	0
13	1	26	192	0
25	0	21	192	0
30	2	15	192	0
18	1	19	192	0
2	0	1	192	0
14	1	0	192	0
23	0	7	192	0
20	2	28	192	0
19	1	2	193	0
15	2	5	193	0
21	1	14	193	0
10	1	30	193	0
16	0	23	193	0
1	2	13	193	0
0	0	25	193	0
28	2	11	193	0
26	0	20	193	0
7	2	18	193	0
5	2	0	194	0
14	1	28	194	0
30	0	16	194	0
18	1	21	194	0
25	1	26	194	0
13	0	19	194	0
20	2	1	194	0
11	2	7	194	0
2	1	15	194	0
23	2	10	194	0
21	0	11	195	0
15	2	18	195	0
7	2	25	195	0
26	0	23	195	0
19	2	14	195	0
10	0	20	195	0
1	1	5	195	0
16	0	13	195	0
0	0	2	195	0
28	0	30	195	0
19	0	21	196	0
25	2	20	196	0
7	0	10	196	0
30	2	11	196	0
16	0	14	196	0
13	0	23	196	0
2	1	5	196	0
18	0	26	196	0
1	0	28	196	0
0	0	15	196	0
5	0	18	197	0
21	2	16	197	0
26	0	7	197	0
20	0	30	197	0
28	1	0	197	0
23	1	19	197	0
14	0	2	197	0
15	2	1	197	0
11	1	13	197	0
10	0	25	197	0
23	0	2	198	0
7	1	15	198	0
26	0	10	198	0
18	1	20	198	0
19	2	1	198	0
16	2	0	198	0
21	2	28	198	0
25	0	30	198	0
11	1	14	198	0
13	0	5	198	0
28	1	7	199	0
5	0	16	199	0
2	1	18	199	0
10	2	13	199	0
30	1	21	199	0
15	0	11	199	0
14	2	25	199	0
1	1	26	199	0
0	0	23	199	0
20	0	19	199	0
7	2	14	200	0
18	1	10	200	0
26	0	30	200	0
13	2	2	200	0
11	0	1	200	0
16	0	28	200	0
23	2	5	200	0
21	1	20	200	0
25	0	15	200	0
19	1	0	200	0
20	0	23	201	0
5	0	25	201	0
30	2	7	201	0
14	0	13	201	0
2	2	26	201	0
1	1	18	201	0
10	1	11	201	0
15	1	16	201	0
0	0	21	201	0
28	0	19	201	0
25	2	28	202	0
18	0	14	202	0
26	1	5	202	0
7	2	0	202	0
13	0	20	202	0
23	0	30	202	0
16	0	1	202	0
19	0	10	202	0
11	2	2	202	0
21	1	15	202	0
14	2	1	203	0
0	0	18	203	0
15	0	26	203	0
21	1	13	203	0
7	1	5	203	0
28	1	2	203	0
25	0	23	203	0
16	0	10	203	0
30	1	19	203	0
11	2	20	203	0
1	2	21	204	0
2	0	30	204	0
19	2	7	204	0
23	0	11	204	0
10	0	15	204	0
18	2	28	204	0
26	1	16	204	0
13	0	25	204	0
5	0	14	204	0
20	0	0	204	0
30	1	5	205	0
16	0	19	205	0
21	0	2	205	0
0	0	1	205	0
11	0	26	205	0
14	0	23	205	0
15	0	20	205	0
25	1	18	205	0
28	2	10	205	0
7	2	13	205	0
19	2	15	206	0
20	1	7	206	0
13	0	30	206	0
18	0	11	206	0
26	0	14	206	0
23	0	21	206	0
1	1	25	206	0
2	2	16	206	0
10	1	0	206	0
5	0	28	206	0
15	0	23	207	0
21	1	5	207	0
7	1	1	207	0
16	0	20	207	0
30	1	18	207	0
14	1	10	207	0
25	0	2	207	0
0	0	13	207	0
11	1	19	207	0
28	1	26	207	0
1	1	30	208	0
13	1	15	208	0
2	2	7	208	0
26	2	0	208	0
10	0	21	208	0
20	0	14	208	0
5	2	11	208	0
18	2	16	208	0
19	0	25	208	0
23	2	28	208	0
26	0	15	209	0
18	0	0	209	0
20	2	11	209	0
5	0	7	209	0
2	2	28	209	0
1	0	14	209	0
10	2	16	209	0
19	2	30	209	0
23	2	25	209	0
13	2	21	209	0
15	0	10	210	0
25	2	13	210	0
28	0	18	210	0
30	0	2	210	0
14	2	5	210	0
7	1	19	210	0
0	0	20	210	0
11	0	23	210	0
16	1	26	210	0
21	0	1	210	0
20	1	26	211	0
30	1	10	211	0
23	1	16	211	0
25	1	0	211	0
18	0	7	211	0
5	1	15	211	0
2	1	19	211	0
13	0	1	211	0
14	2	21	211	0
11	1	28	211	0
16	0	30	212	0
26	1	25	212	0
1	1	20	212	0
21	1	18	212	0
7	0	11	212	0
0	2	5	212	0
28	1	14	212	0
19	0	13	212	0
15	0	2	212	0
10	0	23	212	0
14	2	19	213	0
20	2	10	213	0
11	2	21	213	0
13	2	16	213	0
25	2	7	213	0
5	2	1	213	0
30	1	28	213	0
2	1	0	213	0
18	0	15	213	0
23	1	26	213	0
26	2	13	214	0
16	0	11	214	0
28	2	20	214	0
21	0	25	214	0
19	0	18	214	0
0	0	14	214	0
7	1	23	214	0
15	0	30	214	0
1	0	2	214	0
10	1	5	214	0
5	0	20	215	0
25	0	16	215	0
1	0	23	215	0
18	2	13	215	0
28	1	15	215	0
0	2	11	215	0
14	2	30	215	0
26	1	19	215	0
7	2	21	215	0
2	1	10	215	0
13	1	28	216	0
11	1	25	216	0
16	0	7	216	0
15	0	14	216	0
20	0	2	216	0
10	0	1	216	0
23	1	18	216	0
19	0	5	216	0
30	1	0	216	0
21	0	26	216	0
10	0	14	217	0
5	0	30	217	0
13	1	0	217	0
18	0	25	217	0
23	1	15	217	0
20	1	16	217	0
1	2	7	217	0
19	0	11	217	0
2	0	21	217	0
26	0	28	217	0
11	0	5	218	0
25	1	19	218	0
16	0	18	218	0
14	0	20	218	0
0	2	26	218	0
21	0	10	218	0
7	1	2	218	0
30	2	1	218	0
15	0	13	218	0
28	0	23	218	0
26	0	11	219	0
13	0	7	219	0
18	0	30	219	0
2	1	25	219	0
5	0	21	219	0
10	1	28	219	0
23	1	14	219	0
1	1	0	219	0
19	1	16	219	0
20	1	15	219	0
7	0	20	220	0
11	2	18	220	0
0	0	10	220	0
25	0	1	220	0
14	0	26	220	0
28	0	5	220	0
16	0	2	220	0
21	1	23	220	0
30	0	13	220	0
15	0	19	220	0
16	0	5	221	0
19	0	20	221	0
23	1	0	221	0
25	2	14	221	0
26	0	1	221	0
11	1	15	221	0
21	1	30	221	0
18	1	2	221	0
7	1	28	221	0
13	2	10	221	0
20	1	18	222	0
2	2	23	222	0
5	0	13	222	0
0	0	16	222	0
10	0	26	222	0
1	0	19	222	0
15	2	7	222	0
28	1	21	222	0
14	0	11	222	0
30	0	25	222	0
20	1	25	223	0
10	2	7	223	0
21	2	19	223	0
5	0	2	223	0
28	1	1	223	0
11	1	30	223	0
26	2	18	223	0
23	2	13	223	0
14	0	16	223	0
15	2	0	223	0
0	0	28	224	0
1	1	15	224	0
18	1	5	224	0
16	1	21	224	0
19	0	23	224	0
2	0	14	224	0
13	0	11	224	0
25	0	10	224	0
7	0	26	224	0
30	0	20	224	0
5	0	23	225	0
0	2	19	225	0
15	1	25	225	0
20	2	21	225	0
28	1	16	225	0
10	0	18	225	0
30	0	26	225	0
1	1	11	225	0
2	0	13	225	0
14	1	7	225	0
19	1	28	226	0
26	0	2	226	0
13	1	14	226	0
18	0	1	226	0
21	0	0	226	0
25	1	5	226	0
16	2	15	226	0
23	0	20	226	0
11	2	10	226	0
7	2	30	226	0
14	1	18	227	0
28	0	25	227	0
0	0	7	227	0
2	1	11	227	0
30	0	23	227	0
5	0	26	227	0
20	0	13	227	0
10	0	19	227	0
1	2	16	227	0
10	0	19	227	0
0	0	7	227	0
20	0	13	227	0
5	0	26	227	0
15	0	21	227	0
30	0	23	227	0
15	0	21	227	0
14	1	18	227	0
28	0	25	227	0
2	1	11	227	0
1	2	16	227	0
10	1	19	228	0
20	2	26	228	0
21	1	5	228	0
15	1	13	228	0
0	2	25	228	0
24	1	28	228	0
30	0	7	228	0
31	1	2	228	0
14	2	32	228	0
16	0	18	228	0
2	1	16	229	0
5	0	0	229	0
28	1	15	229	0
13	1	30	229	0
19	0	31	229	0
32	2	21	229	0
18	2	10	229	0
25	0	20	229	0
26	1	14	229	0
7	1	24	229	0
16	2	20	230	0
15	2	19	230	0
32	2	26	230	0
14	1	5	230	0
13	1	31	230	0
7	2	25	230	0
28	0	2	230	0
30	2	18	230	0
24	2	10	230	0
21	1	0	230	0
31	2	30	231	0
2	2	7	231	0
0	1	28	231	0
19	1	13	231	0
5	0	32	231	0
10	1	21	231	0
18	2	14	231	0
25	0	16	231	0
26	0	24	231	0
20	1	15	231	0
15	0	10	232	0
21	2	26	232	0
32	0	25	232	0
13	0	20	232	0
30	0	2	232	0
7	1	18	232	0
24	0	31	232	0
28	1	5	232	0
14	0	0	232	0
16	0	19	232	0
26	1	16	233	0
19	2	24	233	0
18	0	28	233	0
5	1	13	233	0
10	2	30	233	0
25	2	14	233	0
2	1	21	233	0
20	1	32	233	0
31	0	7	233	0
0	0	15	233	0
16	0	7	234	0
26	0	25	234	0
10	0	31	234	0
30	1	15	234	0
18	0	5	234	0
32	1	28	234	0
13	2	24	234	0
20	2	0	234	0
19	0	2	234	0
21	1	14	234	0
31	2	32	235	0
2	1	10	235	0
5	0	20	235	0
24	1	30	235	0
7	2	13	235	0
0	1	26	235	0
15	0	16	235	0
25	2	18	235	0
14	2	19	235	0
28	0	21	235	0
25	1	10	236	0
20	0	24	236	0
32	1	15	236	0
21	0	7	236	0
26	2	30	236	0
5	0	31	236	0
14	1	16	236	0
0	0	2	236	0
18	2	19	236	0
28	1	13	236	0
19	2	26	237	0
10	1	32	237	0
24	1	21	237	0
30	0	28	237	0
2	1	25	237	0
7	0	20	237	0
31	1	18	237	0
16	2	5	237	0
13	0	0	237	0
15	0	14	237	0
25	1	15	238	0
32	0	13	238	0
5	0	24	238	0
28	2	16	238	0
21	1	30	238	0
26	0	31	238	0
18	0	2	238	0
0	1	19	238	0
20	2	10	238	0
14	0	7	238	0
30	0	32	239	0
16	0	21	239	0
15	2	18	239	0
31	1	20	239	0
7	1	26	239	0
13	2	14	239	0
24	0	25	239	0
19	1	28	239	0
2	2	5	239	0
10	0	0	239	0
0	0	24	240	0
14	0	2	240	0
20	1	30	240	0
25	2	31	240	0
21	0	15	240	0
5	1	19	240	0
18	0	13	240	0
28	1	7	240	0
26	1	10	240	0
32	1	16	240	0
5	0	26	241	0
24	2	15	241	0
31	2	14	241	0
19	0	25	241	0
13	2	21	241	0
18	2	0	241	0
30	2	16	241	0
2	1	32	241	0
28	0	20	241	0
7	0	10	241	0
32	0	24	242	0
25	1	30	242	0
26	2	2	242	0
16	2	13	242	0
15	0	7	242	0
0	1	31	242	0
20	0	19	242	0
14	2	28	242	0
10	0	5	242	0
21	2	18	242	0
18	1	20	243	0
19	2	21	243	0
2	1	15	243	0
31	0	16	243	0
13	2	10	243	0
7	1	32	243	0
5	0	25	243	0
28	0	26	243	0
30	0	0	243	0
24	2	14	243	0
32	0	19	244	0
20	2	2	244	0
21	1	31	244	0
15	0	5	244	0
10	1	28	244	0
0	0	7	244	0
16	1	24	244	0
26	1	18	244	0
25	2	13	244	0
14	1	30	244	0
25	0	21	245	0
5	0	7	245	0
31	2	28	245	0
10	0	16	245	0
19	0	30	245	0
18	0	24	245	0
0	2	32	245	0
2	2	13	245	0
20	1	14	245	0
26	0	15	245	0
7	1	19	246	0
13	0	26	246	0
30	2	5	246	0
21	0	20	246	0
32	1	18	246	0
24	0	2	246	0
14	1	10	246	0
15	0	31	246	0
16	2	0	246	0
28	2	25	246	0
15	0	20	247	0
7	0	2	247	0
21	0	10	247	0
32	1	5	247	0
28	1	0	247	0
14	2	18	247	0
24	0	26	247	0
16	0	25	247	0
30	2	31	247	0
13	0	19	247	0
18	1	30	248	0
19	2	15	248	0
10	0	24	248	0
26	0	32	248	0
5	2	14	248	0
0	2	21	248	0
25	1	7	248	0
20	2	16	248	0
2	0	28	248	0
31	1	13	248	0
31	0	24	249	0
19	1	16	249	0
2	2	30	249	0
26	0	21	249	0
20	0	13	249	0
5	0	28	249	0
18	0	7	249	0
0	2	14	249	0
10	2	15	249	0
25	0	32	249	0
21	2	2	250	0
14	1	25	250	0
15	1	0	250	0
13	2	5	250	0
32	0	20	250	0
24	1	19	250	0
16	1	26	250	0
30	0	10	250	0
28	1	18	250	0
7	2	31	250	0
13	0	2	251	0
7	1	5	251	0
24	1	18	251	0
30	0	19	251	0
28	1	31	251	0
32	2	0	251	0
14	0	20	251	0
16	0	10	251	0
21	2	25	251	0
15	2	26	251	0
0	2	16	252	0
18	0	32	252	0
26	0	13	252	0
25	2	28	252	0
20	0	21	252	0
2	0	24	252	0
31	1	15	252	0
5	1	30	252	0
19	2	7	252	0
10	1	14	252	0
0	0	20	253	0
15	0	30	253	0
5	1	18	253	0
2	1	19	253	0
7	0	16	253	0
24	2	13	253	0
14	1	21	253	0
28	1	32	253	0
31	1	10	253	0
25	1	26	253	0
16	0	15	254	0
21	0	28	254	0
32	2	31	254	0
10	0	2	254	0
26	1	0	254	0
30	0	24	254	0
18	0	25	254	0
20	2	5	254	0
19	0	14	254	0
13	0	7	254	0
24	1	0	255	0
30	2	21	255	0
2	1	14	255	0
13	0	18	255	0
10	0	20	255	0
19	0	5	255	0
16	0	32	255	0
7	2	28	255	0
15	1	25	255	0
31	0	26	255	0
21	0	16	256	0
26	2	7	256	0
20	1	31	256	0
25	0	24	256	0
32	1	30	256	0
28	1	19	256	0
18	2	15	256	0
5	0	2	256	0
14	1	13	256	0
0	2	10	256	0
2	1	18	257	0
19	2	0	257	0
15	0	21	257	0
24	2	5	257	0
31	0	25	257	0
10	1	26	257	0
13	0	32	257	0
30	0	20	257	0
7	0	14	257	0
16	0	28	257	0
25	0	2	258	0
26	0	19	258	0
20	2	7	258	0
18	0	31	258	0
21	1	24	258	0
5	1	16	258	0
28	1	30	258	0
0	2	13	258	0
32	1	10	258	0
14	1	15	258	0
30	0	26	259	0
19	2	18	259	0
13	2	28	259	0
7	2	21	259	0
16	0	14	259	0
2	1	0	259	0
31	1	5	259	0
15	0	32	259	0
24	0	20	259	0
10	2	25	259	0
13	2	15	260	0
7	1	30	260	0
25	0	0	260	0
26	0	20	260	0
28	0	24	260	0
2	1	31	260	0
19	0	10	260	0
5	0	21	260	0
18	0	16	260	0
32	2	14	260	0
16	0	2	261	0
10	1	18	261	0
21	1	32	261	0
0	1	5	261	0
31	1	19	261	0
30	2	13	261	0
20	0	25	261	0
15	2	28	261	0
14	2	26	261	0
24	1	7	261	0
24	0	32	262	0
13	0	16	262	0
18	2	21	262	0
30	0	25	262	0
28	2	14	262	0
7	2	15	262	0
19	2	20	262	0
2	1	26	262	0
31	1	0	262	0
5	0	10	262	0
14	0	31	263	0
32	0	2	263	0
21	1	13	263	0
15	0	24	263	0
25	0	19	263	0
16	2	30	263	0
26	0	5	263	0
0	2	18	263	0
20	0	28	263	0
10	2	7	263	0
28	0	10	264	0
24	1	16	264	0
2	2	20	264	0
5	2	15	264	0
13	1	25	264	0
30	0	14	264	0
7	0	0	264	0
18	1	26	264	0
19	0	32	264	0
31	2	21	264	0
25	2	5	265	0
32	2	7	265	0
21	2	19	265	0
16	0	31	265	0
10	0	13	265	0
21	2	19	265	0
20	0	18	265	0
26	0	28	265	0
32	2	7	265	0
25	2	5	265	0
10	0	13	265	0
26	0	28	265	0
20	0	18	265	0
0	2	30	265	0
14	0	24	265	0
15	0	2	265	0
16	0	31	265	0
15	0	2	265	0
0	2	30	265	0
14	0	24	265	0
14	2	18	266	0
0	0	13	266	0
5	0	7	266	0
33	2	10	266	0
26	2	32	266	0
28	1	21	266	0
15	1	19	266	0
31	1	16	266	0
1	0	30	266	0
11	1	25	266	0
18	0	28	267	0
32	1	0	267	0
25	1	1	267	0
11	0	19	267	0
10	1	5	267	0
16	0	26	267	0
7	1	33	267	0
13	0	31	267	0
30	2	15	267	0
21	1	14	267	0
18	2	19	268	0
0	0	11	268	0
28	2	31	268	0
14	0	10	268	0
30	0	25	268	0
26	2	7	268	0
5	0	13	268	0
21	2	33	268	0
1	1	16	268	0
32	1	15	268	0
15	0	26	269	0
11	2	1	269	0
31	0	21	269	0
10	1	18	269	0
16	1	5	269	0
13	1	32	269	0
25	2	0	269	0
33	1	28	269	0
7	1	14	269	0
19	0	30	269	0
14	0	33	270	0
32	0	16	270	0
28	0	10	270	0
26	0	25	270	0
5	0	31	270	0
18	0	7	270	0
30	0	11	270	0
21	0	13	270	0
0	1	19	270	0
1	1	15	270	0
7	1	28	271	0
10	2	21	271	0
33	1	18	271	0
19	0	1	271	0
31	0	14	271	0
25	1	5	271	0
11	0	32	271	0
13	1	26	271	0
15	0	0	271	0
16	0	30	271	0
25	1	19	272	0
18	0	5	272	0
7	2	21	272	0
32	2	31	272	0
13	2	33	272	0
14	2	28	272	0
1	1	0	272	0
16	2	10	272	0
30	2	26	272	0
11	1	15	272	0
19	2	16	273	0
26	0	11	273	0
33	1	32	273	0
28	1	13	273	0
21	2	18	273	0
10	0	7	273	0
15	0	25	273	0
31	0	1	273	0
0	0	30	273	0
5	2	14	273	0
30	0	28	274	0
0	0	16	274	0
19	0	21	274	0
13	0	7	274	0
1	1	10	274	0
5	2	26	274	0
15	2	33	274	0
11	0	14	274	0
25	2	32	274	0
31	2	18	274	0
26	1	0	275	0
21	1	5	275	0
32	0	1	275	0
18	2	30	275	0
33	0	31	275	0
16	2	11	275	0
10	0	25	275	0
28	1	19	275	0
7	1	15	275	0
14	0	13	275	0
5	2	33	276	0
0	0	14	276	0
15	2	18	276	0
19	0	32	276	0
25	1	16	276	0
30	1	21	276	0
13	2	10	276	0
1	0	26	276	0
11	0	28	276	0
31	1	7	276	0
26	2	19	277	0
14	2	25	277	0
21	0	11	277	0
33	1	0	277	0
32	0	30	277	0
7	0	1	277	0
16	2	15	277	0
18	0	13	277	0
28	1	5	277	0
10	1	31	277	0
32	1	10	278	0
19	0	7	278	0
30	2	33	278	0
26	0	14	278	0
25	0	28	278	0
1	2	21	278	0
16	2	13	278	0
15	0	31	278	0
0	0	18	278	0
11	1	5	278	0
31	0	19	279	0
13	1	15	279	0
33	0	1	279	0
14	2	16	279	0
21	0	32	279	0
18	0	25	279	0
7	0	30	279	0
5	1	0	279	0
28	0	26	279	0
10	0	11	279	0
26	0	33	280	0
16	0	18	280	0
0	0	21	280	0
30	0	5	280	0
25	0	7	280	0
1	2	28	280	0
11	0	31	280	0
15	0	10	280	0
19	2	13	280	0
32	0	14	280	0
21	0	25	281	0
18	0	1	281	0
5	0	32	281	0
28	1	16	281	0
10	2	26	281	0
7	1	0	281	0
31	0	30	281	0
13	0	11	281	0
33	1	19	281	0
14	0	15	281	0
14	1	19	282	0
18	0	11	282	0
5	0	15	282	0
31	1	26	282	0
13	0	1	282	0
21	1	16	282	0
10	2	30	282	0
33	0	25	282	0
7	0	32	282	0
28	1	0	282	0
19	0	10	283	0
0	0	31	283	0
30	1	14	283	0
16	0	7	283	0
32	2	28	283	0
15	0	21	283	0
11	0	33	283	0
25	1	13	283	0
1	1	5	283	0
26	1	18	283	0
16	0	33	284	0
0	0	10	284	0
11	0	7	284	0
26	1	21	284	0
30	0	13	284	0
1	2	14	284	0
19	0	5	284	0
25	1	31	284	0
32	1	18	284	0
15	0	28	284	0
18	0	0	285	0
10	0	32	285	0
28	1	25	285	0
31	2	15	285	0
7	2	19	285	0
21	0	1	285	0
33	2	30	285	0
14	0	26	285	0
5	0	11	285	0
13	1	16	285	0
25	1	15	286	0
1	0	31	286	0
11	0	26	286	0
32	2	33	286	0
13	0	28	286	0
30	1	0	286	0
14	0	5	286	0
16	2	19	286	0
7	1	10	286	0
18	0	21	286	0
33	1	13	287	0
0	0	1	287	0
15	0	11	287	0
26	0	30	287	0
5	2	18	287	0
21	0	7	287	0
10	2	16	287	0
28	1	14	287	0
19	1	25	287	0
31	2	32	287	0
31	1	28	288	0
10	2	14	288	0
16	2	1	288	0
11	0	30	288	0
33	2	21	288	0
7	2	18	288	0
25	0	26	288	0
19	2	0	288	0
13	1	5	288	0
15	1	32	288	0
5	0	25	289	0
30	1	16	289	0
21	0	10	289	0
32	0	11	289	0
26	1	13	289	0
1	0	19	289	0
14	0	31	289	0
18	0	33	289	0
28	1	7	289	0
0	0	15	289	0
10	0	28	290	0
7	1	26	290	0
25	0	30	290	0
11	2	0	290	0
19	0	18	290	0
31	1	5	290	0
15	0	1	290	0
16	0	32	290	0
33	2	14	290	0
13	2	21	290	0
18	0	10	291	0
30	0	19	291	0
0	0	25	291	0
32	2	13	291	0
21	0	31	291	0
1	2	11	291	0
14	0	7	291	0
26	1	15	291	0
5	2	16	291	0
28	0	33	291	0
7	1	5	292	0
19	0	15	292	0
18	0	14	292	0
32	1	26	292	0
13	1	0	292	0
21	1	28	292	0
25	0	11	292	0
10	0	33	292	0
30	0	1	292	0
16	2	31	292	0
14	0	21	293	0
31	0	13	293	0
15	0	30	293	0
33	0	7	293	0
28	1	18	293	0
0	0	32	293	0
26	2	16	293	0
5	2	10	293	0
1	0	25	293	0
19	0	11	293	0
28	0	32	294	0
14	0	1	294	0
10	1	0	294	0
7	2	11	294	0
33	1	16	294	0
31	0	25	294	0
5	2	19	294	0
18	0	26	294	0
21	0	15	294	0
13	1	30	294	0
15	2	5	295	0
26	2	31	295	0
32	0	7	295	0
16	2	21	295	0
30	0	10	295	0
1	0	13	295	0
0	1	28	295	0
11	1	18	295	0
25	2	33	295	0
19	0	14	295	0
11	0	10	296	0
19	2	31	296	0
0	0	5	296	0
30	0	7	296	0
32	0	21	296	0
16	2	14	296	0
15	0	13	296	0
26	0	28	296	0
25	1	18	296	0
1	0	33	296	0
33	2	11	297	0
18	0	32	297	0
10	1	19	297	0
21	1	26	297	0
13	0	25	297	0
31	1	0	297	0
5	0	1	297	0
28	0	15	297	0
14	0	30	297	0
7	1	16	297	0
21	1	19	298	0
28	2	30	298	0
14	0	11	298	0
10	0	1	298	0
7	2	13	298	0
33	1	15	298	0
32	0	25	298	0
26	1	5	298	0
16	0	0	298	0
18	0	31	298	0
30	1	18	299	0
5	0	21	299	0
15	0	7	299	0
1	0	32	299	0
19	1	28	299	0
13	2	14	299	0
25	0	10	299	0
0	0	26	299	0
31	0	33	299	0
11	1	16	299	0
26	2	1	300	0
32	1	19	300	0
33	2	5	300	0
14	1	0	300	0
16	2	25	300	0
28	1	11	300	0
18	0	15	300	0
21	1	30	300	0
7	1	31	300	0
10	2	13	300	0
30	0	32	301	0
25	0	14	301	0
0	0	33	301	0
31	2	10	301	0
19	2	26	301	0
13	0	18	301	0
1	1	7	301	0
5	0	28	301	0
11	2	21	301	0
15	0	16	301	0
7	1	25	302	0
5	0	30	302	0
21	1	0	302	0
14	0	32	302	0
31	0	11	302	0
28	0	1	302	0
13	1	19	302	0
18	0	16	302	0
10	1	15	302	0
33	1	26	302	0
19	0	33	303	0
16	0	28	303	0
26	1	10	303	0
30	2	31	303	0
0	0	7	303	0
32	1	5	303	0
15	0	14	303	0
11	1	13	303	0
11	1	13	303	0
0	0	7	303	0
32	1	5	303	0
15	0	14	303	0
25	0	21	303	0
26	1	10	303	0
16	0	28	303	0
25	0	21	303	0
1	1	18	303	0
1	1	18	303	0
30	2	31	303	0
19	0	33	303	0
16	0	13	304	0
0	1	11	304	0
28	1	34	304	0
14	0	10	304	0
21	0	31	304	0
35	1	5	304	0
32	2	19	304	0
26	2	25	304	0
20	1	18	304	0
15	0	30	304	0
25	1	16	305	0
5	2	14	305	0
18	1	0	305	0
34	0	20	305	0
10	0	15	305	0
26	0	13	305	0
19	0	28	305	0
31	1	32	305	0
11	1	21	305	0
30	0	35	305	0
18	2	11	306	0
19	0	15	306	0
31	1	5	306	0
21	2	10	306	0
28	1	25	306	0
16	0	30	306	0
34	2	26	306	0
0	0	14	306	0
32	2	35	306	0
20	0	13	306	0
15	0	31	307	0
35	0	21	307	0
5	0	19	307	0
10	2	16	307	0
26	1	32	307	0
11	0	28	307	0
13	0	34	307	0
25	1	20	307	0
30	1	0	307	0
14	1	18	307	0
31	0	35	308	0
20	0	10	308	0
19	2	11	308	0
32	1	5	308	0
34	2	30	308	0
28	1	26	308	0
16	0	14	308	0
18	2	25	308	0
0	2	15	308	0
21	2	13	308	0
26	1	16	309	0
5	0	28	309	0
11	2	34	309	0
14	0	31	309	0
13	1	18	309	0
25	1	32	309	0
30	1	19	309	0
35	0	20	309	0
15	0	21	309	0
10	1	0	309	0
20	2	19	310	0
14	1	11	310	0
13	0	25	310	0
0	1	5	310	0
16	0	28	310	0
15	0	35	310	0
21	2	32	310	0
10	0	26	310	0
31	2	30	310	0
34	1	18	310	0
5	0	10	311	0
35	2	14	311	0
26	2	20	311	0
25	0	34	311	0
18	0	31	311	0
30	2	21	311	0
32	0	15	311	0
11	2	13	311	0
28	0	0	311	0
19	2	16	311	0
25	1	30	312	0
10	1	31	312	0
26	0	21	312	0
14	1	15	312	0
34	0	16	312	0
13	1	35	312	0
18	0	19	312	0
20	0	28	312	0
5	0	11	312	0
0	0	32	312	0
31	1	0	313	0
30	0	14	313	0
32	1	10	313	0
19	0	34	313	0
35	2	26	313	0
21	1	5	313	0
11	0	20	313	0
16	0	18	313	0
15	0	25	313	0
28	2	13	313	0
13	1	19	314	0
18	0	28	314	0
5	0	15	314	0
34	0	21	314	0
0	0	16	314	0
10	2	30	314	0
26	1	11	314	0
14	0	32	314	0
20	1	31	314	0
25	1	35	314	0
19	0	26	315	0
30	1	5	315	0
35	2	10	315	0
15	0	18	315	0
31	0	34	315	0
32	0	13	315	0
28	2	14	315	0
11	0	25	315	0
21	1	0	315	0
16	0	20	315	0
11	1	15	316	0
18	2	21	316	0
25	2	31	316	0
34	1	5	316	0
19	2	0	316	0
16	0	35	316	0
13	2	30	316	0
26	0	14	316	0
28	0	10	316	0
20	1	32	316	0
30	0	18	317	0
5	0	26	317	0
14	0	13	317	0
35	2	28	317	0
31	1	11	317	0
15	0	34	317	0
0	0	25	317	0
10	1	19	317	0
21	2	20	317	0
32	1	16	317	0
31	2	26	318	0
21	2	28	318	0
15	1	16	318	0
5	0	13	318	0
35	1	19	318	0
32	2	18	318	0
0	0	20	318	0
14	0	34	318	0
10	0	25	318	0
30	0	11	318	0
34	0	35	319	0
18	0	10	319	0
20	1	30	319	0
11	0	32	319	0
25	0	21	319	0
13	0	0	319	0
19	2	14	319	0
16	1	5	319	0
26	2	15	319	0
28	2	31	319	0
11	0	10	320	0
18	0	35	320	0
26	1	30	320	0
34	1	0	320	0
28	0	32	320	0
19	2	21	320	0
13	2	15	320	0
25	1	5	320	0
20	1	14	320	0
16	0	31	320	0
14	0	25	321	0
31	1	19	321	0
5	0	18	321	0
21	1	16	321	0
10	1	13	321	0
15	0	20	321	0
0	0	26	321	0
32	1	34	321	0
30	1	28	321	0
35	2	11	321	0
15	2	19	322	0
30	2	16	322	0
26	2	34	322	0
10	0	21	322	0
14	2	0	322	0
35	0	32	322	0
5	0	31	322	0
13	1	20	322	0
25	2	28	322	0
11	1	18	322	0
32	0	30	323	0
21	2	14	323	0
16	2	11	323	0
34	2	10	323	0
20	1	5	323	0
31	2	13	323	0
0	0	35	323	0
28	1	15	323	0
18	0	26	323	0
19	0	25	323	0
0	0	10	324	0
34	2	11	324	0
28	2	5	324	0
31	0	14	324	0
18	2	13	324	0
21	2	15	324	0
32	1	25	324	0
19	0	30	324	0
20	2	35	324	0
16	2	26	324	0
5	0	32	325	0
14	1	16	325	0
10	1	20	325	0
26	1	28	325	0
25	1	18	325	0
13	0	21	325	0
15	2	0	325	0
30	0	34	325	0
11	1	19	325	0
35	2	31	325	0
31	0	15	326	0
21	0	35	326	0
18	0	14	326	0
16	0	10	326	0
32	2	26	326	0
19	0	5	326	0
34	1	13	326	0
28	0	11	326	0
20	2	25	326	0
0	2	30	326	0
26	2	18	327	0
5	0	20	327	0
35	1	0	327	0
15	0	28	327	0
11	1	16	327	0
25	0	19	327	0
13	2	31	327	0
10	0	34	327	0
30	0	32	327	0
14	2	21	327	0
10	2	32	328	0
5	0	21	328	0
13	2	28	328	0
34	1	19	328	0
0	1	31	328	0
26	2	35	328	0
20	2	11	328	0
14	0	30	328	0
25	0	15	328	0
18	0	16	328	0
11	2	5	329	0
16	0	34	329	0
21	1	26	329	0
15	0	14	329	0
35	0	13	329	0
30	2	25	329	0
28	2	20	329	0
19	2	18	329	0
32	0	0	329	0
31	0	10	329	0
25	0	11	330	0
10	2	35	330	0
14	0	28	330	0
0	0	21	330	0
26	1	19	330	0
20	0	16	330	0
34	0	31	330	0
13	0	32	330	0
5	0	30	330	0
18	0	15	330	0
21	1	34	331	0
31	2	20	331	0
35	0	25	331	0
11	2	26	331	0
15	1	5	331	0
16	0	0	331	0
28	1	18	331	0
19	0	13	331	0
32	0	14	331	0
30	2	10	331	0
32	0	21	332	0
30	2	31	332	0
35	0	15	332	0
5	0	0	332	0
18	0	34	332	0
25	0	13	332	0
28	1	16	332	0
19	0	20	332	0
26	2	10	332	0
11	0	14	332	0
14	0	35	333	0
15	0	32	333	0
21	1	30	333	0
20	0	26	333	0
34	2	25	333	0
16	0	19	333	0
0	0	28	333	0
31	1	18	333	0
10	1	5	333	0
13	1	11	333	0
11	1	0	334	0
31	0	21	334	0
13	2	16	334	0
30	0	15	334	0
5	0	35	334	0
25	1	26	334	0
19	0	32	334	0
18	0	20	334	0
10	1	14	334	0
34	1	28	334	0
21	1	11	335	0
15	0	10	335	0
14	1	5	335	0
0	1	18	335	0
13	0	26	335	0
32	2	31	335	0
16	0	25	335	0
20	0	34	335	0
35	1	30	335	0
28	1	19	335	0
10	1	18	336	0
14	2	19	336	0
32	1	11	336	0
21	2	25	336	0
0	2	13	336	0
5	1	16	336	0
15	0	26	336	0
30	1	20	336	0
35	2	34	336	0
31	2	28	336	0
28	0	35	337	0
13	2	10	337	0
26	1	0	337	0
18	1	5	337	0
16	1	21	337	0
25	2	14	337	0
19	0	31	337	0
11	0	30	337	0
20	0	15	337	0
34	0	32	337	0
32	2	28	338	0
14	0	20	338	0
10	2	11	338	0
15	0	13	338	0
0	2	34	338	0
5	0	25	338	0
30	2	26	338	0
31	1	16	338	0
35	2	18	338	0
21	2	19	338	0
26	0	31	339	0
20	1	21	339	0
16	0	15	339	0
34	1	14	339	0
28	0	30	339	0
11	2	35	339	0
18	0	32	339	0
13	1	5	339	0
19	2	10	339	0
25	1	0	339	0
10	1	28	340	0
32	0	20	340	0
21	0	18	340	0
14	2	26	340	0
5	2	34	340	0
15	0	11	340	0
0	0	19	340	0
30	1	13	340	0
31	0	25	340	0
35	0	16	340	0
26	1	5	341	0
13	0	14	341	0
18	0	30	341	0
11	1	31	341	0
28	0	21	341	0
25	1	10	341	0
26	1	5	341	0
19	0	35	341	0
20	0	0	341	0
16	0	32	341	0
34	1	15	341	0
19	0	35	341	0
34	1	15	341	0
28	0	21	341	0
16	0	32	341	0
11	1	31	341	0
20	0	0	341	0
13	0	14	341	0
18	0	30	341	0
25	1	10	341	0
9	1	28	342	0
34	1	0	342	0
32	0	35	342	0
31	0	29	342	0
26	2	11	342	0
15	1	5	342	0
12	2	14	342	0
20	1	18	342	0
19	0	13	342	0
16	0	30	342	0
5	0	34	343	0
29	2	20	343	0
35	0	16	343	0
14	0	26	343	0
30	0	12	343	0
18	0	9	343	0
13	1	31	343	0
11	1	32	343	0
0	0	15	343	0
28	1	19	343	0
34	2	29	344	0
16	1	18	344	0
20	1	0	344	0
9	0	11	344	0
32	0	28	344	0
19	0	35	344	0
26	1	30	344	0
15	0	13	344	0
31	2	14	344	0
12	2	5	344	0
29	1	15	345	0
11	1	16	345	0
35	2	9	345	0
0	0	31	345	0
28	1	26	345	0
13	1	12	345	0
5	0	20	345	0
32	0	18	345	0
14	2	34	345	0
30	1	19	345	0
32	1	16	346	0
18	1	19	346	0
20	1	15	346	0
26	2	35	346	0
14	1	13	346	0
31	0	30	346	0
0	0	29	346	0
34	1	28	346	0
12	0	11	346	0
5	0	9	346	0
19	0	26	347	0
16	2	12	347	0
30	0	34	347	0
35	1	18	347	0
11	0	31	347	0
28	2	20	347	0
29	1	5	347	0
9	2	32	347	0
13	2	0	347	0
15	0	14	347	0
34	1	18	348	0
29	1	11	348	0
0	2	19	348	0
5	0	35	348	0
12	0	26	348	0
20	1	30	348	0
15	0	32	348	0
13	0	16	348	0
31	0	28	348	0
14	0	9	348	0
9	1	15	349	0
11	2	34	349	0
16	0	20	349	0
32	1	31	349	0
18	0	29	349	0
26	1	0	349	0
35	0	13	349	0
28	1	12	349	0
30	1	14	349	0
19	2	5	349	0
34	1	19	350	0
20	1	35	350	0
13	1	18	350	0
15	0	30	350	0
14	0	28	350	0
12	1	32	350	0
29	0	9	350	0
5	0	11	350	0
31	2	26	350	0
0	2	16	350	0
26	2	20	351	0
16	0	14	351	0
28	2	15	351	0
32	0	34	351	0
35	0	12	351	0
11	1	0	351	0
30	2	13	351	0
9	1	31	351	0
19	0	29	351	0
18	1	5	351	0
12	1	18	352	0
5	0	26	352	0
0	0	28	352	0
29	1	30	352	0
14	0	35	352	0
34	0	9	352	0
31	1	16	352	0
15	2	19	352	0
13	0	11	352	0
20	0	32	352	0
28	1	18	353	0
29	0	35	353	0
19	0	9	353	0
26	2	32	353	0
15	2	12	353	0
5	0	16	353	0
20	0	31	353	0
30	2	11	353	0
34	2	13	353	0
0	2	14	353	0
32	1	19	354	0
16	2	28	354	0
18	0	0	354	0
14	0	29	354	0
35	2	30	354	0
11	1	20	354	0
12	1	34	354	0
31	1	15	354	0
13	1	5	354	0
9	0	26	354	0
26	2	16	355	0
20	1	13	355	0
5	0	31	355	0
19	0	14	355	0
15	0	18	355	0
0	0	9	355	0
28	0	11	355	0
30	0	32	355	0
34	1	35	355	0
29	0	12	355	0
12	0	0	356	0
9	2	30	356	0
31	0	34	356	0
18	0	26	356	0
11	1	19	356	0
32	1	5	356	0
13	0	29	356	0
35	0	28	356	0
16	2	15	356	0
14	2	20	356	0
11	0	35	357	0
16	0	9	357	0
13	0	28	357	0
0	0	5	357	0
31	1	19	357	0
30	1	18	357	0
20	1	12	357	0
14	2	32	357	0
15	0	34	357	0
29	0	26	357	0
9	1	13	358	0
35	1	0	358	0
28	0	30	358	0
34	1	20	358	0
18	0	11	358	0
32	0	29	358	0
19	0	16	358	0
26	0	15	358	0
12	0	31	358	0
5	0	14	358	0
20	2	9	359	0
14	1	18	359	0
13	1	32	359	0
34	1	26	359	0
5	1	28	359	0
31	0	35	359	0
15	0	11	359	0
29	1	16	359	0
12	1	19	359	0
0	1	30	359	0
30	0	5	360	0
16	0	34	360	0
35	2	15	360	0
19	0	20	360	0
18	0	31	360	0
28	2	29	360	0
11	1	14	360	0
9	2	12	360	0
26	1	13	360	0
32	1	0	360	0
11	0	13	361	0
28	1	0	361	0
30	1	29	361	0
19	0	15	361	0
32	2	20	361	0
26	1	5	361	0
16	0	31	361	0
35	0	14	361	0
18	1	12	361	0
9	0	34	361	0
13	2	35	362	0
5	0	19	362	0
12	1	28	362	0
0	2	26	362	0
20	1	16	362	0
34	1	11	362	0
29	1	18	362	0
15	0	9	362	0
31	2	32	362	0
14	1	30	362	0
14	0	31	363	0
18	1	16	363	0
5	0	12	363	0
30	1	26	363	0
0	0	20	363	0
29	2	34	363	0
11	0	9	363	0
35	1	19	363	0
13	0	15	363	0
28	1	32	363	0
16	0	35	364	0
20	0	29	364	0
12	0	30	364	0
19	0	28	364	0
32	2	11	364	0
31	0	13	364	0
15	0	0	364	0
34	1	5	364	0
9	1	18	364	0
26	0	14	364	0
16	2	11	365	0
12	0	13	365	0
9	0	35	365	0
20	0	5	365	0
31	0	0	365	0
26	2	28	365	0
19	2	30	365	0
18	0	32	365	0
15	0	29	365	0
34	1	14	365	0
35	2	32	366	0
14	1	12	366	0
29	0	31	366	0
30	1	16	366	0
0	0	34	366	0
11	2	26	366	0
5	0	15	366	0
13	2	19	366	0
28	0	9	366	0
18	0	20	366	0
19	0	31	367	0
12	2	20	367	0
5	0	0	367	0
18	0	30	367	0
35	1	11	367	0
26	1	29	367	0
9	1	16	367	0
28	2	13	367	0
32	0	14	367	0
34	1	15	367	0
15	0	26	368	0
11	0	18	368	0
29	1	32	368	0
14	1	5	368	0
20	0	34	368	0
31	2	12	368	0
30	1	28	368	0
16	2	19	368	0
0	0	35	368	0
13	0	9	368	0
30	0	35	369	0
26	0	9	369	0
0	0	18	369	0
28	1	16	369	0
5	0	13	369	0
15	0	31	369	0
20	0	11	369	0
34	0	12	369	0
29	1	14	369	0
19	0	32	369	0
32	0	30	370	0
9	1	0	370	0
16	0	26	370	0
35	0	34	370	0
11	1	28	370	0
12	0	29	370	0
18	2	15	370	0
14	2	19	370	0
31	1	5	370	0
13	0	20	370	0
19	0	11	371	0
0	2	12	371	0
15	0	16	371	0
26	0	18	371	0
20	0	14	371	0
28	1	35	371	0
34	1	31	371	0
5	0	32	371	0
29	0	13	371	0
30	0	9	371	0
12	0	15	372	0
16	1	5	372	0
18	0	28	372	0
14	0	0	372	0
9	1	19	372	0
31	2	20	372	0
11	1	30	372	0
35	1	29	372	0
32	2	26	372	0
13	0	34	372	0
11	0	12	373	0
15	0	20	373	0
13	1	14	373	0
16	0	32	373	0
35	1	26	373	0
29	1	0	373	0
19	0	18	373	0
30	0	31	373	0
28	0	34	373	0
9	1	5	373	0
31	1	11	374	0
18	0	35	374	0
32	0	9	374	0
20	1	28	374	0
14	0	15	374	0
5	0	29	374	0
26	1	19	374	0
0	0	13	374	0
12	0	16	374	0
34	1	30	374	0
28	1	5	375	0
18	0	34	375	0
35	1	31	375	0
11	0	29	375	0
9	0	14	375	0
32	1	15	375	0
30	1	20	375	0
19	0	0	375	0
26	0	12	375	0
16	0	13	375	0
5	0	18	376	0
31	1	9	376	0
34	1	32	376	0
15	1	28	376	0
0	2	11	376	0
13	2	30	376	0
12	2	35	376	0
20	0	26	376	0
14	0	16	376	0
29	1	19	376	0
35	2	20	377	0
32	1	12	377	0
16	2	0	377	0
26	2	31	377	0
9	0	29	377	0
28	2	14	377	0
18	1	13	377	0
19	0	34	377	0
30	0	15	377	0
11	1	5	377	0
31	0	18	378	0
29	1	28	378	0
20	1	19	378	0
0	0	32	378	0
34	2	16	378	0
14	0	11	378	0
15	2	35	378	0
5	0	30	378	0
13	0	26	378	0
12	0	9	378	0
18	2	14	379	0
32	1	13	379	0
18	2	14	379	0
35	1	5	379	0
11	1	15	379	0
26	2	34	379	0
16	1	29	379	0
19	0	12	379	0
9	1	20	379	0
30	2	0	379	0
28	0	31	379	0
30	2	0	379	0
9	1	20	379	0
28	0	31	379	0
11	1	15	379	0
16	1	29	379	0
26	2	34	379	0
35	1	5	379	0
19	0	12	379	0
32	1	13	379	0
32	1	35	380	0
20	1	15	380	0
30	2	12	380	0
16	0	0	380	0
18	0	2	380	0
11	0	26	380	0
31	2	36	380	0
13	1	5	380	0
19	0	24	380	0
28	2	14	380	0
5	2	18	381	0
26	1	19	381	0
24	0	20	381	0
14	0	32	381	0
35	2	13	381	0
2	1	31	381	0
12	2	16	381	0
0	2	30	381	0
15	0	11	381	0
36	0	28	381	0
24	1	0	382	0
2	0	14	382	0
12	2	11	382	0
36	1	30	382	0
32	1	13	382	0
19	0	15	382	0
31	1	5	382	0
18	1	20	382	0
35	1	26	382	0
16	1	28	382	0
26	2	16	383	0
15	2	18	383	0
14	0	12	383	0
11	1	19	383	0
20	2	32	383	0
13	0	24	383	0
30	0	31	383	0
28	0	2	383	0
0	2	36	383	0
5	0	35	383	0
19	0	20	384	0
35	2	11	384	0
16	0	30	384	0
36	1	26	384	0
18	0	28	384	0
12	1	0	384	0
2	2	13	384	0
32	2	15	384	0
31	0	14	384	0
24	0	5	384	0
14	1	36	385	0
0	1	19	385	0
28	2	12	385	0
13	0	16	385	0
15	0	2	385	0
11	0	24	385	0
5	0	32	385	0
30	0	18	385	0
20	2	35	385	0
26	1	31	385	0
31	2	13	386	0
18	0	26	386	0
28	0	24	386	0
0	0	35	386	0
2	2	11	386	0
14	1	5	386	0
30	0	20	386	0
16	2	15	386	0
36	1	19	386	0
12	0	32	386	0
20	0	16	387	0
32	2	36	387	0
24	1	2	387	0
19	0	30	387	0
35	0	18	387	0
13	1	28	387	0
15	0	31	387	0
5	1	12	387	0
26	1	0	387	0
11	0	14	387	0
14	0	13	388	0
12	2	26	388	0
36	0	15	388	0
18	2	32	388	0
2	0	35	388	0
0	0	20	388	0
31	2	24	388	0
28	1	5	388	0
30	0	11	388	0
16	2	19	388	0
5	0	2	389	0
32	2	31	389	0
13	2	36	389	0
26	1	30	389	0
35	0	14	389	0
20	2	12	389	0
24	1	16	389	0
19	0	18	389	0
15	2	28	389	0
11	1	0	389	0
35	0	24	390	0
32	1	0	390	0
31	0	16	390	0
13	1	20	390	0
28	1	30	390	0
15	2	12	390	0
2	1	19	390	0
5	0	26	390	0
36	0	11	390	0
14	2	18	390	0
19	0	5	391	0
16	0	35	391	0
12	0	2	391	0
30	0	15	391	0
18	2	36	391	0
0	0	28	391	0
20	0	31	391	0
11	0	13	391	0
24	1	32	391	0
26	1	14	391	0
28	1	19	392	0
35	1	30	392	0
15	2	26	392	0
31	1	12	392	0
14	1	24	392	0
32	1	11	392	0
5	0	0	392	0
13	1	18	392	0
2	0	20	392	0
36	2	16	392	0
20	2	5	393	0
24	2	15	393	0
30	0	14	393	0
11	1	28	393	0
0	1	13	393	0
19	0	35	393	0
18	0	31	393	0
16	2	2	393	0
12	2	36	393	0
26	0	32	393	0
0	0	2	394	0
19	0	14	394	0
36	1	20	394	0
15	1	35	394	0
26	0	24	394	0
12	0	13	394	0
30	0	32	394	0
11	1	5	394	0
16	0	18	394	0
28	0	31	394	0
14	0	0	395	0
5	1	16	395	0
13	1	15	395	0
35	2	12	395	0
32	2	28	395	0
2	1	30	395	0
24	1	36	395	0
20	0	26	395	0
18	0	11	395	0
31	1	19	395	0
30	2	24	396	0
36	0	2	396	0
26	1	13	396	0
16	2	14	396	0
0	1	31	396	0
19	0	32	396	0
11	0	20	396	0
12	1	18	396	0
28	2	35	396	0
15	1	5	396	0
35	1	36	397	0
20	0	28	397	0
32	0	16	397	0
31	1	11	397	0
18	1	0	397	0
14	2	15	397	0
2	1	26	397	0
24	1	12	397	0
5	0	30	397	0
13	1	19	397	0
12	0	5	398	0
14	0	11	398	0
36	2	32	398	0
0	1	26	398	0
2	0	24	398	0
31	2	15	398	0
16	0	20	398	0
30	1	19	398	0
18	0	35	398	0
28	0	13	398	0
13	1	30	399	0
11	1	16	399	0
15	1	0	399	0
19	0	12	399	0
5	0	36	399	0
24	2	18	399	0
32	0	2	399	0
26	2	28	399	0
20	1	14	399	0
35	0	31	399	0
11	1	2	400	0
20	1	30	400	0
15	0	16	400	0
19	0	36	400	0
13	0	31	400	0
5	0	14	400	0
24	2	28	400	0
26	0	18	400	0
35	2	0	400	0
32	0	12	400	0
0	0	11	401	0
12	2	20	401	0
31	1	32	401	0
2	1	5	401	0
16	0	24	401	0
30	1	26	401	0
14	0	35	401	0
28	2	15	401	0
18	1	19	401	0
36	0	13	401	0
20	0	0	402	0
13	2	14	402	0
26	1	12	402	0
24	0	31	402	0
5	2	28	402	0
35	2	2	402	0
11	0	30	402	0
32	2	18	402	0
15	2	36	402	0
19	0	16	402	0
28	1	26	403	0
12	1	19	403	0
31	0	35	403	0
30	0	13	403	0
18	0	24	403	0
16	1	11	403	0
2	0	32	403	0
14	2	20	403	0
36	1	5	403	0
0	2	15	403	0
13	2	35	404	0
19	0	26	404	0
20	2	24	404	0
28	1	36	404	0
31	0	2	404	0
32	1	14	404	0
11	2	15	404	0
16	2	12	404	0
18	0	5	404	0
30	2	0	404	0
5	0	13	405	0
35	2	32	405	0
0	1	16	405	0
15	0	20	405	0
2	1	18	405	0
24	1	19	405	0
26	1	11	405	0
12	2	30	405	0
36	0	31	405	0
14	0	28	405	0
11	0	31	406	0
19	0	13	406	0
16	0	32	406	0
30	1	5	406	0
15	0	14	406	0
26	0	2	406	0
12	0	24	406	0
36	2	35	406	0
0	0	18	406	0
28	0	20	406	0
14	2	16	407	0
5	0	15	407	0
31	2	0	407	0
20	2	11	407	0
2	2	36	407	0
18	1	12	407	0
35	1	28	407	0
24	0	30	407	0
32	0	19	407	0
13	0	26	407	0
36	0	24	408	0
11	2	18	408	0
0	0	14	408	0
19	0	31	408	0
26	1	20	408	0
28	0	32	408	0
30	0	2	408	0
15	0	13	408	0
16	0	5	408	0
12	2	35	408	0
35	0	15	409	0
14	2	19	409	0
31	1	28	409	0
2	1	0	409	0
5	0	11	409	0
20	0	36	409	0
13	1	12	409	0
18	2	16	409	0
24	1	26	409	0
32	2	30	409	0
0	0	5	410	0
30	2	35	410	0
18	0	13	410	0
12	0	31	410	0
26	1	15	410	0
11	0	32	410	0
19	0	28	410	0
24	1	14	410	0
20	2	2	410	0
16	0	36	410	0
28	1	11	411	0
35	1	16	411	0
36	0	18	411	0
13	0	0	411	0
14	0	30	411	0
15	0	24	411	0
31	1	20	411	0
5	0	19	411	0
2	1	12	411	0
32	1	26	411	0
19	0	2	412	0
18	0	14	412	0
20	2	13	412	0
11	2	36	412	0
26	0	5	412	0
12	1	15	412	0
24	1	35	412	0
30	0	28	412	0
16	0	31	412	0
0	0	32	412	0
32	0	24	413	0
35	1	19	413	0
31	2	18	413	0
14	2	26	413	0
15	2	30	413	0
5	0	20	413	0
36	0	12	413	0
2	1	16	413	0
13	1	11	413	0
28	1	0	413	0
16	2	26	414	0
31	0	30	414	0
18	0	15	414	0
2	0	28	414	0
12	0	14	414	0
35	1	5	414	0
36	0	0	414	0
19	2	11	414	0
32	0	20	414	0
24	1	13	414	0
13	0	32	415	0
26	2	35	415	0
28	1	16	415	0
14	2	2	415	0
15	0	19	415	0
30	0	36	415	0
20	1	18	415	0
5	0	31	415	0
11	2	12	415	0
0	0	24	415	0
18	0	30	416	0
12	0	28	416	0
32	1	5	416	0
19	0	0	416	0
16	2	13	416	0
31	1	26	416	0
36	1	14	416	0
24	1	11	416	0
35	2	20	416	0
2	0	15	416	0
5	0	24	417	0
20	1	19	417	0
26	0	36	417	0
30	1	16	417	0
14	1	31	417	0
13	2	2	417	0
15	0	32	417	0
11	1	35	417	0
26	0	36	417	0
11	1	35	417	0
0	0	12	417	0
15	0	32	417	0
0	0	12	417	0
28	2	18	417	0
14	1	31	417	0
30	1	16	417	0
13	2	2	417	0
5	0	24	417	0
20	1	19	417	0
28	2	18	417	0
21	1	30	418	0
18	1	14	418	0
13	1	20	418	0
28	0	26	418	0
36	1	12	418	0
5	0	2	418	0
35	1	0	418	0
11	1	16	418	0
9	1	15	418	0
19	0	37	418	0
0	1	19	419	0
20	1	35	419	0
30	0	11	419	0
2	0	36	419	0
12	1	5	419	0
26	1	18	419	0
16	1	28	419	0
37	0	9	419	0
15	0	13	419	0
14	0	21	419	0
19	0	15	420	0
9	1	2	420	0
13	0	12	420	0
28	1	14	420	0
21	2	0	420	0
5	1	30	420	0
18	2	20	420	0
35	1	16	420	0
11	1	26	420	0
36	1	37	420	0
14	0	35	421	0
16	1	18	421	0
20	0	11	421	0
37	2	5	421	0
2	0	19	421	0
12	0	9	421	0
15	0	36	421	0
0	0	28	421	0
30	1	13	421	0
26	0	21	421	0
